#Y-2010
#M-Jan
2.05, 2.00, 2.02, 1.85, 1.88, 1.99, 3.43, 5.41, 3.39, 2.35, 4.71, 4.50, 4.50, 4.26, 3.91, 3.16, 2.88, 4.04, 4.19, 4.27, 3.72, 3.67, 3.68, 3.75
1.29, 1.56, 2.12, 2.39, 2.35, 2.43, 2.50, 4.27, 2.61, 2.42, 4.85, 6.26, 4.20, 5.25, 4.66, 2.92, 3.13, 3.71, 3.66, 3.95, 3.63, 3.58, 3.57, 3.49
2.63, 1.82, 1.56, 1.67, 1.77, 1.69, 3.01, 4.99, 3.18, 3.00, 4.76, 4.81, 3.80, 3.46, 1.99, 2.35, 2.25, 3.51, 3.32, 2.26, 2.90, 1.95, 1.77, 1.71
1.04, 1.11, 1.29, 1.58, 1.58, 1.71, 2.92, 4.95, 1.81, 1.86, 4.32, 3.52, 2.62, 2.50, 2.51, 2.49, 2.48, 2.48, 2.61, 4.09, 3.51, 3.56, 3.56, 3.58
2.64, 1.95, 1.88, 2.24, 2.39, 2.24, 2.18, 4.19, 2.57, 2.63, 5.05, 5.16, 4.40, 4.16, 3.53, 3.24, 3.23, 4.70, 4.72, 4.73, 4.09, 4.07, 4.12, 4.07
2.87, 2.43, 2.67, 2.76, 2.81, 2.69, 2.58, 4.42, 2.85, 2.87, 5.35, 5.30, 5.18, 4.44, 4.37, 3.91, 3.40, 3.47, 4.85, 4.86, 4.13, 4.05, 4.14, 3.99
1.43, 1.80, 2.35, 2.71, 2.65, 2.61, 2.52, 4.45, 4.20, 4.03, 5.60, 5.11, 4.81, 4.28, 4.01, 3.24, 2.95, 3.00, 4.70, 4.78, 4.06, 4.07, 3.97, 3.91
2.86, 2.40, 2.42, 2.69, 2.63, 2.45, 3.76, 5.46, 2.99, 2.79, 4.95, 4.88, 4.66, 4.23, 4.12, 3.37, 3.37, 3.50, 4.56, 4.54, 3.92, 3.99, 3.94, 3.91
2.39, 1.76, 2.21, 2.19, 2.26, 2.11, 2.47, 5.68, 4.04, 2.88, 4.91, 6.06, 5.54, 5.02, 3.22, 2.84, 2.77, 4.26, 4.26, 4.25, 3.65, 3.71, 3.84, 3.65
1.45, 1.41, 1.97, 2.18, 2.34, 2.41, 2.34, 4.33, 2.76, 3.80, 6.16, 5.94, 5.21, 4.83, 2.86, 2.59, 3.96, 3.96, 3.91, 3.87, 3.39, 3.40, 3.36, 3.35
2.57, 1.59, 1.46, 1.71, 1.83, 1.87, 3.05, 4.12, 2.17, 2.03, 4.40, 3.75, 2.67, 2.22, 2.06, 2.12, 2.43, 2.35, 3.57, 3.68, 3.34, 3.31, 3.39, 3.32
2.59, 1.18, 1.39, 1.70, 1.95, 2.14, 3.36, 5.24, 3.25, 2.27, 4.52, 4.04, 3.30, 2.58, 2.65, 2.69, 2.72, 2.66, 3.68, 3.87, 3.33, 3.43, 3.49, 3.51
2.64, 1.25, 1.72, 2.12, 2.22, 2.12, 3.33, 4.48, 2.48, 2.28, 4.75, 4.57, 3.54, 2.74, 2.47, 2.56, 2.66, 2.63, 3.35, 3.75, 3.45, 3.59, 3.44, 3.49
2.61, 2.08, 1.80, 2.10, 2.12, 2.09, 2.06, 5.44, 3.51, 2.46, 4.67, 4.33, 3.63, 3.05, 2.88, 2.76, 2.74, 4.04, 4.09, 4.20, 3.68, 3.60, 3.61, 3.62
2.70, 2.72, 1.70, 1.93, 2.13, 2.16, 2.18, 5.32, 3.68, 2.93, 4.69, 4.50, 3.74, 2.86, 2.55, 2.48, 2.66, 3.91, 3.95, 3.98, 3.48, 3.49, 3.36, 3.42
2.27, 1.31, 1.40, 1.46, 1.59, 1.53, 2.95, 4.97, 2.99, 3.09, 4.68, 4.80, 3.49, 3.19, 2.04, 1.89, 3.28, 3.31, 3.44, 3.48, 3.17, 3.13, 3.14, 3.12
1.03, 1.03, 1.14, 1.53, 1.63, 1.74, 1.78, 3.77, 2.03, 1.72, 4.03, 4.60, 3.63, 2.89, 3.35, 3.15, 3.16, 2.15, 3.39, 3.42, 3.09, 3.09, 3.09, 2.77
1.25, 1.14, 1.05, 1.34, 1.45, 1.79, 3.03, 5.01, 2.17, 1.96, 4.32, 3.47, 2.47, 2.27, 2.13, 2.05, 2.11, 3.57, 3.53, 3.67, 3.31, 3.21, 2.88, 2.01
1.16, 1.06, 1.10, 1.38, 1.74, 1.86, 1.83, 3.81, 2.10, 1.96, 4.13, 3.33, 2.26, 2.06, 2.15, 2.16, 2.18, 3.34, 3.45, 3.42, 3.15, 3.18, 3.23, 3.17
2.02, 1.33, 1.49, 1.52, 1.65, 1.61, 1.55, 3.83, 2.12, 1.97, 4.42, 3.71, 2.72, 2.19, 1.92, 2.05, 2.22, 2.39, 3.61, 3.71, 3.21, 3.28, 3.22, 3.20
1.99, 1.29, 1.33, 1.43, 1.55, 1.60, 1.64, 3.78, 3.33, 3.18, 4.87, 3.60, 2.49, 2.29, 2.08, 2.08, 2.10, 2.23, 3.50, 3.49, 3.18, 3.16, 3.14, 3.11
1.90, 1.25, 1.26, 1.43, 1.38, 1.48, 2.97, 4.95, 1.92, 1.78, 4.19, 3.39, 2.63, 2.42, 2.43, 2.45, 2.54, 2.48, 3.57, 3.70, 3.28, 3.29, 3.27, 3.24
2.55, 1.12, 1.30, 1.78, 1.92, 1.94, 1.98, 3.94, 3.48, 3.28, 5.69, 3.69, 2.84, 3.71, 3.63, 2.25, 3.55, 3.61, 3.68, 3.65, 3.30, 3.31, 3.27, 1.97
1.31, 1.31, 1.41, 1.68, 1.87, 1.81, 3.23, 5.12, 2.06, 2.06, 5.70, 5.10, 4.13, 3.60, 3.58, 2.46, 2.35, 2.36, 3.40, 3.50, 3.18, 3.14, 3.12, 2.88
1.25, 1.04, 1.02, 1.21, 1.40, 1.61, 2.84, 4.84, 3.10, 1.54, 3.82, 2.80, 2.06, 1.99, 1.96, 1.97, 1.96, 3.17, 1.77, 3.18, 2.93, 2.97, 2.97, 2.91
2.05, 1.23, 1.18, 1.20, 1.39, 1.48, 1.65, 3.76, 2.07, 1.87, 4.17, 3.16, 2.17, 1.93, 1.89, 1.88, 2.10, 3.37, 3.39, 3.30, 2.95, 2.97, 2.94, 2.94
2.41, 2.41, 1.74, 1.19, 1.44, 1.40, 2.79, 4.76, 2.03, 1.65, 3.88, 2.53, 1.92, 1.76, 1.74, 1.86, 1.95, 2.13, 3.31, 3.37, 3.06, 3.06, 3.10, 3.09
2.45, 1.71, 1.24, 1.42, 1.50, 1.47, 2.91, 4.02, 1.96, 1.85, 4.12, 3.11, 2.06, 1.91, 2.00, 2.13, 2.25, 3.42, 2.66, 3.41, 3.13, 3.16, 3.15, 3.17
2.50, 1.22, 1.33, 1.59, 1.74, 1.80, 3.01, 5.03, 2.72, 2.01, 4.44, 3.62, 2.52, 2.27, 2.17, 2.44, 2.42, 2.43, 3.60, 3.73, 3.34, 3.32, 3.41, 3.47
2.63, 1.18, 1.69, 2.05, 2.12, 2.15, 2.10, 4.11, 2.39, 2.07, 4.47, 5.62, 3.47, 4.21, 2.63, 2.65, 4.13, 4.14, 4.21, 4.23, 3.75, 3.78, 3.68, 3.70
2.72, 1.35, 1.90, 2.22, 2.42, 2.45, 3.65, 5.66, 2.46, 2.42, 4.93, 4.80, 5.28, 3.48, 2.93, 3.00, 3.02, 4.18, 4.45, 4.47, 3.82, 3.69, 3.69, 3.72
