#Y-2010
#M-Jan
0.0000, 0.0000, 0.0000, 0.0000, 0.0000, 0.0000, 0.0746, 0.0748, 0.0745, 0.0000, 0.0000, 0.0000, 0.0000, 0.0000, 0.0000, 0.0000, 0.0000, 0.0769, 0.0762, 0.0757, 0.0770, 0.0768, 0.0758, 0.0000
0.0000, 0.0000, 0.0000, 0.0000, 0.0000, 0.0000, 0.0760, 0.0767, 0.0769, 0.0000, 0.0000, 0.0000, 0.0000, 0.0000, 0.0000, 0.0000, 0.0000, 0.1102, 0.0977, 0.1158, 0.0836, 0.0805, 0.0796, 0.0000
0.0000, 0.0000, 0.0000, 0.0000, 0.0000, 0.0000, 0.0763, 0.0770, 0.0767, 0.0000, 0.0000, 0.0000, 0.0000, 0.0000, 0.0000, 0.0000, 0.0000, 0.0863, 0.0852, 0.0826, 0.0805, 0.0796, 0.0784, 0.0000
0.0000, 0.0000, 0.0000, 0.0000, 0.0000, 0.0000, 0.0791, 0.0876, 0.1153, 0.0000, 0.0000, 0.0000, 0.0000, 0.0000, 0.0000, 0.0000, 0.0000, 0.1360, 0.1251, 0.1433, 0.0905, 0.0839, 0.0810, 0.0000
0.0000, 0.0000, 0.0000, 0.0000, 0.0000, 0.0000, 0.0799, 0.0844, 0.0870, 0.0000, 0.0000, 0.0000, 0.0000, 0.0000, 0.0000, 0.0000, 0.0000, 0.1248, 0.1012, 0.1132, 0.0844, 0.0833, 0.0834, 0.0000
0.0000, 0.0000, 0.0000, 0.0000, 0.0000, 0.0000, 0.0802, 0.0823, 0.0826, 0.0000, 0.0000, 0.0000, 0.0000, 0.0000, 0.0000, 0.0000, 0.0000, 0.1042, 0.0939, 0.1120, 0.0841, 0.0847, 0.0820, 0.0000
0.0000, 0.0000, 0.0000, 0.0000, 0.0000, 0.0000, 0.0881, 0.1837, 0.2328, 0.0000, 0.0000, 0.0000, 0.0000, 0.0000, 0.0000, 0.0000, 0.0000, 0.2665, 0.2568, 0.1847, 0.1332, 0.1054, 0.0848, 0.0000
0.0000, 0.0000, 0.0000, 0.0000, 0.0000, 0.0000, 0.1418, 0.7651, 0.7651, 0.0000, 0.0000, 0.0000, 0.0000, 0.0000, 0.0000, 0.0000, 0.0000, 0.4504, 0.3552, 0.2399, 0.1344, 0.0931, 0.0872, 0.0000
0.0000, 0.0000, 0.0000, 0.0000, 0.0000, 0.0000, 0.0821, 0.0832, 0.0818, 0.0000, 0.0000, 0.0000, 0.0000, 0.0000, 0.0000, 0.0000, 0.0000, 0.1039, 0.0882, 0.1080, 0.0820, 0.0823, 0.0808, 0.0000
0.0000, 0.0000, 0.0000, 0.0000, 0.0000, 0.0000, 0.0806, 0.0815, 0.0812, 0.0000, 0.0000, 0.0000, 0.0000, 0.0000, 0.0000, 0.0000, 0.0000, 0.0860, 0.0854, 0.0818, 0.0839, 0.0840, 0.0828, 0.0000
0.0000, 0.0000, 0.0000, 0.0000, 0.0000, 0.0000, 0.0869, 0.1706, 0.1888, 0.0000, 0.0000, 0.0000, 0.0000, 0.0000, 0.0000, 0.0000, 0.0000, 0.1747, 0.1541, 0.1180, 0.0860, 0.0848, 0.0844, 0.0000
0.0000, 0.0000, 0.0000, 0.0000, 0.0000, 0.0000, 0.0835, 0.0905, 0.1063, 0.0000, 0.0000, 0.0000, 0.0000, 0.0000, 0.0000, 0.0000, 0.0000, 0.0955, 0.0945, 0.1104, 0.0852, 0.0847, 0.0834, 0.0000
0.0000, 0.0000, 0.0000, 0.0000, 0.0000, 0.0000, 0.0838, 0.0896, 0.0904, 0.0000, 0.0000, 0.0000, 0.0000, 0.0000, 0.0000, 0.0000, 0.0000, 0.0914, 0.0860, 0.0834, 0.0866, 0.0848, 0.0852, 0.0000
0.0000, 0.0000, 0.0000, 0.0000, 0.0000, 0.0000, 0.0848, 0.0893, 0.0914, 0.0000, 0.0000, 0.0000, 0.0000, 0.0000, 0.0000, 0.0000, 0.0000, 0.1020, 0.0974, 0.0884, 0.0853, 0.0847, 0.0852, 0.0000
0.0000, 0.0000, 0.0000, 0.0000, 0.0000, 0.0000, 0.0905, 0.0968, 0.1005, 0.0000, 0.0000, 0.0000, 0.0000, 0.0000, 0.0000, 0.0000, 0.0000, 0.0991, 0.0930, 0.1123, 0.0851, 0.0845, 0.0850, 0.0000
0.0000, 0.0000, 0.0000, 0.0000, 0.0000, 0.0000, 0.0788, 0.0799, 0.0811, 0.0000, 0.0000, 0.0000, 0.0000, 0.0000, 0.0000, 0.0000, 0.0000, 0.0848, 0.0824, 0.0810, 0.0820, 0.0815, 0.0797, 0.0000
0.0000, 0.0000, 0.0000, 0.0000, 0.0000, 0.0000, 0.0806, 0.0806, 0.0799, 0.0000, 0.0000, 0.0000, 0.0000, 0.0000, 0.0000, 0.0000, 0.0000, 0.0822, 0.0822, 0.0818, 0.0850, 0.0844, 0.0829, 0.0000
0.0000, 0.0000, 0.0000, 0.0000, 0.0000, 0.0000, 0.0844, 0.0911, 0.0928, 0.0000, 0.0000, 0.0000, 0.0000, 0.0000, 0.0000, 0.0000, 0.0000, 0.0878, 0.0846, 0.0822, 0.0826, 0.0818, 0.0814, 0.0000
0.0000, 0.0000, 0.0000, 0.0000, 0.0000, 0.0000, 0.0839, 0.0869, 0.0888, 0.0000, 0.0000, 0.0000, 0.0000, 0.0000, 0.0000, 0.0000, 0.0000, 0.0886, 0.0899, 0.0832, 0.0836, 0.0823, 0.0821, 0.0000
0.0000, 0.0000, 0.0000, 0.0000, 0.0000, 0.0000, 0.0823, 0.0863, 0.0869, 0.0000, 0.0000, 0.0000, 0.0000, 0.0000, 0.0000, 0.0000, 0.0000, 0.0831, 0.0824, 0.0811, 0.0833, 0.0824, 0.0817, 0.0000
0.0000, 0.0000, 0.0000, 0.0000, 0.0000, 0.0000, 0.0835, 0.0936, 0.0964, 0.0000, 0.0000, 0.0000, 0.0000, 0.0000, 0.0000, 0.0000, 0.0000, 0.0890, 0.0896, 0.0843, 0.0838, 0.0838, 0.0829, 0.0000
0.0000, 0.0000, 0.0000, 0.0000, 0.0000, 0.0000, 0.0841, 0.0979, 0.0962, 0.0000, 0.0000, 0.0000, 0.0000, 0.0000, 0.0000, 0.0000, 0.0000, 0.0909, 0.0837, 0.0808, 0.0822, 0.0822, 0.0811, 0.0000
0.0000, 0.0000, 0.0000, 0.0000, 0.0000, 0.0000, 0.0822, 0.0829, 0.0832, 0.0000, 0.0000, 0.0000, 0.0000, 0.0000, 0.0000, 0.0000, 0.0000, 0.0941, 0.0899, 0.0841, 0.0841, 0.0840, 0.0838, 0.0000
0.0000, 0.0000, 0.0000, 0.0000, 0.0000, 0.0000, 0.0816, 0.0817, 0.0817, 0.0000, 0.0000, 0.0000, 0.0000, 0.0000, 0.0000, 0.0000, 0.0000, 0.0882, 0.0894, 0.0857, 0.0866, 0.0850, 0.0836, 0.0000
0.0000, 0.0000, 0.0000, 0.0000, 0.0000, 0.0000, 0.0961, 0.1116, 0.1138, 0.0000, 0.0000, 0.0000, 0.0000, 0.0000, 0.0000, 0.0000, 0.0000, 0.1305, 0.1099, 0.1316, 0.0910, 0.0872, 0.0847, 0.0000
0.0000, 0.0000, 0.0000, 0.0000, 0.0000, 0.0000, 0.0908, 0.1337, 0.1073, 0.0000, 0.0000, 0.0000, 0.0000, 0.0000, 0.0000, 0.0000, 0.0000, 0.1254, 0.1125, 0.1224, 0.0883, 0.0875, 0.0851, 0.0000
0.0000, 0.0000, 0.0000, 0.0000, 0.0000, 0.0000, 0.0883, 0.0967, 0.0796, 0.0000, 0.0000, 0.0000, 0.0000, 0.0000, 0.0000, 0.0000, 0.0000, 0.0877, 0.0841, 0.0835, 0.0852, 0.0852, 0.0835, 0.0000
0.0000, 0.0000, 0.0000, 0.0000, 0.0000, 0.0000, 0.0898, 0.0985, 0.1032, 0.0000, 0.0000, 0.0000, 0.0000, 0.0000, 0.0000, 0.0000, 0.0000, 0.1154, 0.1080, 0.1236, 0.0935, 0.0941, 0.0884, 0.0000
0.0000, 0.0000, 0.0000, 0.0000, 0.0000, 0.0000, 0.1114, 0.1814, 0.2332, 0.0000, 0.0000, 0.0000, 0.0000, 0.0000, 0.0000, 0.0000, 0.0000, 0.1754, 0.1453, 0.1320, 0.0920, 0.0931, 0.0889, 0.0000
0.0000, 0.0000, 0.0000, 0.0000, 0.0000, 0.0000, 0.0934, 0.0918, 0.0912, 0.0000, 0.0000, 0.0000, 0.0000, 0.0000, 0.0000, 0.0000, 0.0000, 0.1131, 0.1073, 0.1236, 0.0937, 0.0953, 0.0928, 0.0000
0.0000, 0.0000, 0.0000, 0.0000, 0.0000, 0.0000, 0.0936, 0.0931, 0.0923, 0.0000, 0.0000, 0.0000, 0.0000, 0.0000, 0.0000, 0.0000, 0.0000, 0.1037, 0.1005, 0.0929, 0.0959, 0.0947, 0.0924, 0.0000
