#Y-2010
#M-Jan
0.0000, 0.0000, 0.0000, 0.0000, 0.0000, 0.0000, 0.0000, 720.0000, 720.0000, 0.0000, 0.0000, 0.0000, 0.0000, 0.0000, 0.0000, 0.0000, 0.0000, 0.0000, 0.0000, 0.0000, 0.0000, 720.0000, 720.0000, 0.0000
0.0000, 0.0000, 0.0000, 0.0000, 0.0000, 0.0000, 0.0000, 720.0000, 720.0000, 0.0000, 0.0000, 0.0000, 0.0000, 0.0000, 0.0000, 0.0000, 0.0000, 0.0000, 0.0000, 0.0000, 0.0000, 720.0000, 720.0000, 0.0000
0.0000, 0.0000, 0.0000, 0.0000, 0.0000, 0.0000, 0.0000, 720.0000, 720.0000, 0.0000, 0.0000, 0.0000, 0.0000, 0.0000, 0.0000, 0.0000, 0.0000, 0.0000, 0.0000, 0.0000, 0.0000, 720.0000, 720.0000, 0.0000
0.0000, 0.0000, 0.0000, 0.0000, 0.0000, 0.0000, 0.0000, 720.0000, 720.0000, 0.0000, 0.0000, 0.0000, 0.0000, 0.0000, 0.0000, 0.0000, 0.0000, 0.0000, 0.0000, 0.0000, 0.0000, 720.0000, 720.0000, 0.0000
0.0000, 0.0000, 0.0000, 0.0000, 0.0000, 0.0000, 0.0000, 720.0000, 720.0000, 0.0000, 0.0000, 0.0000, 0.0000, 0.0000, 0.0000, 0.0000, 0.0000, 0.0000, 0.0000, 0.0000, 0.0000, 720.0000, 720.0000, 0.0000
0.0000, 0.0000, 0.0000, 0.0000, 0.0000, 0.0000, 0.0000, 720.0000, 720.0000, 0.0000, 0.0000, 0.0000, 0.0000, 0.0000, 0.0000, 0.0000, 0.0000, 0.0000, 0.0000, 0.0000, 0.0000, 720.0000, 720.0000, 0.0000
0.0000, 0.0000, 0.0000, 0.0000, 0.0000, 0.0000, 0.0000, 720.0000, 720.0000, 0.0000, 0.0000, 0.0000, 0.0000, 0.0000, 0.0000, 0.0000, 0.0000, 0.0000, 0.0000, 0.0000, 0.0000, 720.0000, 720.0000, 0.0000
0.0000, 0.0000, 0.0000, 0.0000, 0.0000, 0.0000, 0.0000, 720.0000, 720.0000, 0.0000, 0.0000, 0.0000, 0.0000, 0.0000, 0.0000, 0.0000, 0.0000, 0.0000, 0.0000, 0.0000, 0.0000, 720.0000, 720.0000, 0.0000
0.0000, 0.0000, 0.0000, 0.0000, 0.0000, 0.0000, 0.0000, 720.0000, 720.0000, 0.0000, 0.0000, 0.0000, 0.0000, 0.0000, 0.0000, 0.0000, 0.0000, 0.0000, 0.0000, 0.0000, 0.0000, 720.0000, 720.0000, 0.0000
0.0000, 0.0000, 0.0000, 0.0000, 0.0000, 0.0000, 0.0000, 720.0000, 720.0000, 0.0000, 0.0000, 0.0000, 0.0000, 0.0000, 0.0000, 0.0000, 0.0000, 0.0000, 0.0000, 0.0000, 0.0000, 720.0000, 720.0000, 0.0000
0.0000, 0.0000, 0.0000, 0.0000, 0.0000, 0.0000, 0.0000, 720.0000, 720.0000, 0.0000, 0.0000, 0.0000, 0.0000, 0.0000, 0.0000, 0.0000, 0.0000, 0.0000, 0.0000, 0.0000, 0.0000, 720.0000, 720.0000, 0.0000
0.0000, 0.0000, 0.0000, 0.0000, 0.0000, 0.0000, 0.0000, 720.0000, 720.0000, 0.0000, 0.0000, 0.0000, 0.0000, 0.0000, 0.0000, 0.0000, 0.0000, 0.0000, 0.0000, 0.0000, 0.0000, 720.0000, 720.0000, 0.0000
0.0000, 0.0000, 0.0000, 0.0000, 0.0000, 0.0000, 0.0000, 720.0000, 720.0000, 0.0000, 0.0000, 0.0000, 0.0000, 0.0000, 0.0000, 0.0000, 0.0000, 0.0000, 0.0000, 0.0000, 0.0000, 720.0000, 720.0000, 0.0000
0.0000, 0.0000, 0.0000, 0.0000, 0.0000, 0.0000, 0.0000, 720.0000, 720.0000, 0.0000, 0.0000, 0.0000, 0.0000, 0.0000, 0.0000, 0.0000, 0.0000, 0.0000, 0.0000, 0.0000, 0.0000, 720.0000, 720.0000, 0.0000
0.0000, 0.0000, 0.0000, 0.0000, 0.0000, 0.0000, 0.0000, 720.0000, 720.0000, 0.0000, 0.0000, 0.0000, 0.0000, 0.0000, 0.0000, 0.0000, 0.0000, 0.0000, 0.0000, 0.0000, 0.0000, 720.0000, 720.0000, 0.0000
0.0000, 0.0000, 0.0000, 0.0000, 0.0000, 0.0000, 0.0000, 720.0000, 720.0000, 0.0000, 0.0000, 0.0000, 0.0000, 0.0000, 0.0000, 0.0000, 0.0000, 0.0000, 0.0000, 0.0000, 0.0000, 720.0000, 720.0000, 0.0000
0.0000, 0.0000, 0.0000, 0.0000, 0.0000, 0.0000, 0.0000, 720.0000, 720.0000, 0.0000, 0.0000, 0.0000, 0.0000, 0.0000, 0.0000, 0.0000, 0.0000, 0.0000, 0.0000, 0.0000, 0.0000, 720.0000, 720.0000, 0.0000
0.0000, 0.0000, 0.0000, 0.0000, 0.0000, 0.0000, 0.0000, 720.0000, 720.0000, 0.0000, 0.0000, 0.0000, 0.0000, 0.0000, 0.0000, 0.0000, 0.0000, 0.0000, 0.0000, 0.0000, 0.0000, 720.0000, 720.0000, 0.0000
0.0000, 0.0000, 0.0000, 0.0000, 0.0000, 0.0000, 0.0000, 720.0000, 720.0000, 0.0000, 0.0000, 0.0000, 0.0000, 0.0000, 0.0000, 0.0000, 0.0000, 0.0000, 0.0000, 0.0000, 0.0000, 720.0000, 720.0000, 0.0000
0.0000, 0.0000, 0.0000, 0.0000, 0.0000, 0.0000, 0.0000, 720.0000, 720.0000, 0.0000, 0.0000, 0.0000, 0.0000, 0.0000, 0.0000, 0.0000, 0.0000, 0.0000, 0.0000, 0.0000, 0.0000, 720.0000, 720.0000, 0.0000
0.0000, 0.0000, 0.0000, 0.0000, 0.0000, 0.0000, 0.0000, 720.0000, 720.0000, 0.0000, 0.0000, 0.0000, 0.0000, 0.0000, 0.0000, 0.0000, 0.0000, 0.0000, 0.0000, 0.0000, 0.0000, 720.0000, 720.0000, 0.0000
0.0000, 0.0000, 0.0000, 0.0000, 0.0000, 0.0000, 0.0000, 720.0000, 720.0000, 0.0000, 0.0000, 0.0000, 0.0000, 0.0000, 0.0000, 0.0000, 0.0000, 0.0000, 0.0000, 0.0000, 0.0000, 720.0000, 720.0000, 0.0000
0.0000, 0.0000, 0.0000, 0.0000, 0.0000, 0.0000, 0.0000, 720.0000, 720.0000, 0.0000, 0.0000, 0.0000, 0.0000, 0.0000, 0.0000, 0.0000, 0.0000, 0.0000, 0.0000, 0.0000, 0.0000, 720.0000, 720.0000, 0.0000
0.0000, 0.0000, 0.0000, 0.0000, 0.0000, 0.0000, 0.0000, 720.0000, 720.0000, 0.0000, 0.0000, 0.0000, 0.0000, 0.0000, 0.0000, 0.0000, 0.0000, 0.0000, 0.0000, 0.0000, 0.0000, 720.0000, 720.0000, 0.0000
0.0000, 0.0000, 0.0000, 0.0000, 0.0000, 0.0000, 0.0000, 720.0000, 720.0000, 0.0000, 0.0000, 0.0000, 0.0000, 0.0000, 0.0000, 0.0000, 0.0000, 0.0000, 0.0000, 0.0000, 0.0000, 720.0000, 720.0000, 0.0000
0.0000, 0.0000, 0.0000, 0.0000, 0.0000, 0.0000, 0.0000, 720.0000, 720.0000, 0.0000, 0.0000, 0.0000, 0.0000, 0.0000, 0.0000, 0.0000, 0.0000, 0.0000, 0.0000, 0.0000, 0.0000, 720.0000, 720.0000, 0.0000
0.0000, 0.0000, 0.0000, 0.0000, 0.0000, 0.0000, 0.0000, 720.0000, 720.0000, 0.0000, 0.0000, 0.0000, 0.0000, 0.0000, 0.0000, 0.0000, 0.0000, 0.0000, 0.0000, 0.0000, 0.0000, 720.0000, 720.0000, 0.0000
0.0000, 0.0000, 0.0000, 0.0000, 0.0000, 0.0000, 0.0000, 720.0000, 720.0000, 0.0000, 0.0000, 0.0000, 0.0000, 0.0000, 0.0000, 0.0000, 0.0000, 0.0000, 0.0000, 0.0000, 0.0000, 720.0000, 720.0000, 0.0000
0.0000, 0.0000, 0.0000, 0.0000, 0.0000, 0.0000, 0.0000, 720.0000, 720.0000, 0.0000, 0.0000, 0.0000, 0.0000, 0.0000, 0.0000, 0.0000, 0.0000, 0.0000, 0.0000, 0.0000, 0.0000, 720.0000, 720.0000, 0.0000
0.0000, 0.0000, 0.0000, 0.0000, 0.0000, 0.0000, 0.0000, 720.0000, 720.0000, 0.0000, 0.0000, 0.0000, 0.0000, 0.0000, 0.0000, 0.0000, 0.0000, 0.0000, 0.0000, 0.0000, 0.0000, 720.0000, 720.0000, 0.0000
0.0000, 0.0000, 0.0000, 0.0000, 0.0000, 0.0000, 0.0000, 720.0000, 720.0000, 0.0000, 0.0000, 0.0000, 0.0000, 0.0000, 0.0000, 0.0000, 0.0000, 0.0000, 0.0000, 0.0000, 0.0000, 720.0000, 720.0000, 0.0000
