[0.00,60.0];[0.00,60.0];[0.00,60.0];[0.00,60.0];[0.00,60.0];[0.00,60.0];[56.19,14.0];[0.00,60.0];[0.00,60.0];[0.00,60.0];[0.00,60.0];[0.00,60.0];[0.00,60.0];[0.00,60.0];[0.00,60.0];[0.00,60.0];[0.00,60.0];[57.61,60.0];[0.00,60.0];[56.11,68.0];[24.01,50.0];[0.00,60.0];[26.49,11.0];[0.00,60.0]
[0.00,60.0];[0.00,60.0];[0.00,60.0];[0.00,60.0];[0.00,60.0];[0.00,60.0];[0.00,60.0];[0.00,60.0];[0.00,60.0];[0.00,60.0];[0.00,60.0];[16.05,6.0];[0.00,60.0];[16.05,8.0];[16.05,7.0];[0.00,60.0];[0.00,60.0];[16.05,11.0];[74.25,71.0];[23.27,6.0];[24.25,60.0];[90.17,67.0];[0.00,60.0];[0.00,60.0]
[0.00,60.0];[0.00,60.0];[0.00,60.0];[0.00,60.0];[0.00,60.0];[0.00,60.0];[55.92,12.0];[32.62,7.0];[37.28,8.0];[0.00,60.0];[0.00,60.0];[67.20,17.0];[15.94,9.0];[0.00,60.0];[0.00,60.0];[0.00,60.0];[0.00,60.0];[15.94,9.0];[15.94,7.0];[0.00,60.0];[15.94,9.0];[0.00,60.0];[0.00,60.0];[0.00,60.0]
[0.00,60.0];[0.00,60.0];[0.00,60.0];[0.00,60.0];[0.00,60.0];[0.00,60.0];[48.21,18.0];[0.00,60.0];[0.00,60.0];[0.00,60.0];[0.00,60.0];[0.00,60.0];[0.00,60.0];[0.00,60.0];[0.00,60.0];[0.00,60.0];[0.00,60.0];[0.00,60.0];[0.00,60.0];[119.86,88.0];[8.04,6.0];[56.41,72.0];[32.31,55.0];[0.00,60.0]
[0.00,60.0];[0.00,60.0];[0.00,60.0];[0.00,60.0];[0.00,60.0];[0.00,60.0];[0.00,60.0];[0.00,60.0];[0.00,60.0];[0.00,60.0];[0.00,60.0];[0.00,60.0];[0.00,60.0];[0.00,60.0];[0.00,60.0];[0.00,60.0];[0.00,60.0];[97.80,70.0];[0.00,60.0];[32.55,68.0];[32.55,55.0];[0.00,60.0];[50.84,13.0];[0.00,60.0]
[0.00,60.0];[0.00,60.0];[0.00,60.0];[0.00,60.0];[0.00,60.0];[0.00,60.0];[0.00,60.0];[0.00,60.0];[0.00,60.0];[0.00,60.0];[0.00,60.0];[0.00,60.0];[0.00,60.0];[0.00,60.0];[0.00,60.0];[0.00,60.0];[0.00,60.0];[0.00,60.0];[56.86,60.0];[0.00,60.0];[23.69,60.0];[31.54,61.0];[0.00,60.0];[0.00,60.0]
[0.00,60.0];[0.00,60.0];[0.00,60.0];[0.00,60.0];[0.00,60.0];[0.00,60.0];[0.00,60.0];[0.00,60.0];[47.51,8.0];[0.00,60.0];[0.00,60.0];[0.00,60.0];[0.00,60.0];[0.00,60.0];[0.00,60.0];[0.00,60.0];[0.00,60.0];[0.00,60.0];[66.14,71.0];[0.00,60.0];[32.23,70.0];[24.22,50.0];[49.58,18.0];[0.00,60.0]
[0.00,60.0];[0.00,60.0];[0.00,60.0];[0.00,60.0];[0.00,60.0];[0.00,60.0];[29.52,11.0];[0.00,60.0];[0.00,60.0];[0.00,60.0];[0.00,60.0];[0.00,60.0];[0.00,60.0];[0.00,60.0];[0.00,60.0];[0.00,60.0];[0.00,60.0];[0.00,60.0];[65.75,67.0];[7.97,10.0];[91.08,87.0];[24.08,50.0];[0.00,60.0];[0.00,60.0]
[0.00,60.0];[0.00,60.0];[0.00,60.0];[0.00,60.0];[0.00,60.0];[0.00,60.0];[0.00,60.0];[44.55,7.0];[0.00,60.0];[0.00,60.0];[0.00,60.0];[60.59,17.0];[0.00,60.0];[0.00,60.0];[0.00,60.0];[0.00,60.0];[0.00,60.0];[58.14,60.0];[0.00,60.0];[40.26,65.0];[40.26,55.0];[16.04,5.0];[0.00,60.0];[0.00,60.0]
[0.00,60.0];[0.00,60.0];[0.00,60.0];[0.00,60.0];[0.00,60.0];[0.00,60.0];[0.00,60.0];[0.00,60.0];[0.00,60.0];[38.69,9.0];[15.47,5.0];[0.00,60.0];[15.47,10.0];[15.47,5.0];[0.00,60.0];[0.00,60.0];[15.47,8.0];[47.28,11.0];[86.18,67.0];[15.47,11.0];[23.37,60.0];[23.37,50.0];[55.88,13.0];[0.00,60.0]
[0.00,60.0];[0.00,60.0];[0.00,60.0];[0.00,60.0];[0.00,60.0];[0.00,60.0];[29.86,5.0];[0.00,60.0];[0.00,60.0];[0.00,60.0];[0.00,60.0];[0.00,60.0];[0.00,60.0];[0.00,60.0];[0.00,60.0];[0.00,60.0];[0.00,60.0];[0.00,60.0];[66.50,67.0];[0.00,60.0];[32.41,68.0];[92.13,66.0];[0.00,60.0];[0.00,60.0]
[0.00,60.0];[0.00,60.0];[0.00,60.0];[0.00,60.0];[0.00,60.0];[0.00,60.0];[57.87,13.0];[0.00,60.0];[0.00,60.0];[0.00,60.0];[0.00,60.0];[0.00,60.0];[0.00,60.0];[0.00,60.0];[0.00,60.0];[0.00,60.0];[0.00,60.0];[0.00,60.0];[66.11,67.0];[8.01,10.0];[58.93,73.0];[73.18,61.0];[0.00,60.0];[0.00,60.0]
[0.00,60.0];[0.00,60.0];[0.00,60.0];[0.00,60.0];[0.00,60.0];[0.00,60.0];[25.96,6.0];[0.00,60.0];[0.00,60.0];[0.00,60.0];[0.00,60.0];[0.00,60.0];[0.00,60.0];[0.00,60.0];[0.00,60.0];[0.00,60.0];[0.00,60.0];[0.00,60.0];[58.35,60.0];[59.97,18.0];[32.36,70.0];[88.61,68.0];[0.00,60.0];[0.00,60.0]
[0.00,60.0];[0.00,60.0];[0.00,60.0];[0.00,60.0];[0.00,60.0];[0.00,60.0];[0.00,60.0];[30.32,12.0];[0.00,60.0];[0.00,60.0];[0.00,60.0];[0.00,60.0];[0.00,60.0];[0.00,60.0];[0.00,60.0];[0.00,60.0];[0.00,60.0];[50.53,20.0];[66.60,70.0];[0.00,60.0];[65.30,83.0];[24.39,50.0];[65.69,26.0];[0.00,60.0]
[0.00,60.0];[0.00,60.0];[0.00,60.0];[0.00,60.0];[0.00,60.0];[0.00,60.0];[0.00,60.0];[55.08,10.0];[0.00,60.0];[0.00,60.0];[0.00,60.0];[0.00,60.0];[0.00,60.0];[0.00,60.0];[0.00,60.0];[0.00,60.0];[0.00,60.0];[57.50,60.0];[26.44,5.0];[50.40,65.0];[23.96,50.0];[59.49,13.0];[0.00,60.0];[0.00,60.0]
[0.00,60.0];[0.00,60.0];[0.00,60.0];[0.00,60.0];[0.00,60.0];[0.00,60.0];[66.40,17.0];[0.00,60.0];[0.00,60.0];[31.25,8.0];[0.00,60.0];[15.82,7.0];[15.82,5.0];[15.82,6.0];[0.00,60.0];[0.00,60.0];[15.82,8.0];[23.43,6.0];[57.34,60.0];[15.82,5.0];[78.57,74.0];[23.89,50.0];[0.00,60.0];[0.00,60.0]
[0.00,60.0];[0.00,60.0];[0.00,60.0];[0.00,60.0];[0.00,60.0];[0.00,60.0];[0.00,60.0];[0.00,60.0];[0.00,60.0];[0.00,60.0];[0.00,60.0];[64.53,15.0];[0.00,60.0];[0.00,60.0];[15.64,5.0];[15.64,10.0];[15.64,6.0];[0.00,60.0];[56.71,60.0];[15.64,11.0];[61.65,67.0];[23.63,50.0];[0.00,60.0];[0.00,60.0]
[0.00,60.0];[0.00,60.0];[0.00,60.0];[0.00,60.0];[0.00,60.0];[0.00,60.0];[50.91,12.0];[0.00,60.0];[0.00,60.0];[0.00,60.0];[0.00,60.0];[0.00,60.0];[0.00,60.0];[0.00,60.0];[0.00,60.0];[0.00,60.0];[0.00,60.0];[96.32,69.0];[0.00,60.0];[32.24,68.0];[32.24,59.0];[0.00,60.0];[0.00,60.0];[0.00,60.0]
[0.00,60.0];[0.00,60.0];[0.00,60.0];[0.00,60.0];[0.00,60.0];[0.00,60.0];[0.00,60.0];[0.00,60.0];[0.00,60.0];[0.00,60.0];[0.00,60.0];[0.00,60.0];[0.00,60.0];[0.00,60.0];[0.00,60.0];[0.00,60.0];[0.00,60.0];[56.95,60.0];[44.82,19.0];[31.58,68.0];[31.58,55.0];[7.85,6.0];[42.46,18.0];[0.00,60.0]
[0.00,60.0];[0.00,60.0];[0.00,60.0];[0.00,60.0];[0.00,60.0];[0.00,60.0];[0.00,60.0];[0.00,60.0];[0.00,60.0];[0.00,60.0];[0.00,60.0];[0.00,60.0];[0.00,60.0];[0.00,60.0];[0.00,60.0];[0.00,60.0];[0.00,60.0];[0.00,60.0];[58.21,60.0];[0.00,60.0];[24.25,60.0];[68.86,59.0];[8.03,9.0];[0.00,60.0]
[0.00,60.0];[0.00,60.0];[0.00,60.0];[0.00,60.0];[0.00,60.0];[0.00,60.0];[0.00,60.0];[0.00,60.0];[59.26,10.0];[0.00,60.0];[0.00,60.0];[0.00,60.0];[0.00,60.0];[0.00,60.0];[0.00,60.0];[0.00,60.0];[0.00,60.0];[0.00,60.0];[58.01,60.0];[8.00,9.0];[24.17,60.0];[32.17,60.0];[37.63,13.0];[0.00,60.0]
[0.00,60.0];[0.00,60.0];[0.00,60.0];[0.00,60.0];[0.00,60.0];[0.00,60.0];[39.75,11.0];[0.00,60.0];[0.00,60.0];[0.00,60.0];[0.00,60.0];[0.00,60.0];[0.00,60.0];[0.00,60.0];[0.00,60.0];[0.00,60.0];[0.00,60.0];[0.00,60.0];[104.76,73.0];[36.14,10.0];[24.07,60.0];[78.28,65.0];[0.00,60.0];[0.00,60.0]
[0.00,60.0];[0.00,60.0];[0.00,60.0];[0.00,60.0];[0.00,60.0];[0.00,60.0];[0.00,60.0];[0.00,60.0];[50.98,8.0];[0.00,60.0];[16.06,9.0];[0.00,60.0];[0.00,60.0];[16.06,5.0];[16.06,5.0];[0.00,60.0];[16.06,6.0];[38.24,6.0];[74.28,69.0];[0.00,60.0];[24.26,60.0];[24.26,50.0];[0.00,60.0];[0.00,60.0]
[0.00,60.0];[0.00,60.0];[0.00,60.0];[0.00,60.0];[0.00,60.0];[0.00,60.0];[48.27,13.0];[0.00,60.0];[0.00,60.0];[0.00,60.0];[16.04,7.0];[53.17,19.0];[16.04,7.0];[16.04,5.0];[16.04,11.0];[0.00,60.0];[0.00,60.0];[0.00,60.0];[58.14,60.0];[0.00,60.0];[72.49,73.0];[24.23,50.0];[0.00,60.0];[0.00,60.0]
[0.00,60.0];[0.00,60.0];[0.00,60.0];[0.00,60.0];[0.00,60.0];[0.00,60.0];[82.32,17.0];[0.00,60.0];[0.00,60.0];[0.00,60.0];[0.00,60.0];[0.00,60.0];[0.00,60.0];[0.00,60.0];[0.00,60.0];[0.00,60.0];[0.00,60.0];[24.21,5.0];[0.00,60.0];[58.98,60.0];[37.19,12.0];[32.71,67.0];[32.71,58.0];[0.00,60.0]
[0.00,60.0];[0.00,60.0];[0.00,60.0];[0.00,60.0];[0.00,60.0];[0.00,60.0];[0.00,60.0];[0.00,60.0];[0.00,60.0];[0.00,60.0];[0.00,60.0];[0.00,60.0];[0.00,60.0];[0.00,60.0];[0.00,60.0];[0.00,60.0];[0.00,60.0];[23.94,5.0];[57.79,60.0];[7.97,11.0];[32.05,66.0];[70.34,68.0];[52.66,11.0];[62.23,13.0]
[0.00,60.0];[0.00,60.0];[0.00,60.0];[0.00,60.0];[0.00,60.0];[0.00,60.0];[65.74,13.0];[0.00,60.0];[0.00,60.0];[0.00,60.0];[0.00,60.0];[0.00,60.0];[0.00,60.0];[0.00,60.0];[0.00,60.0];[0.00,60.0];[0.00,60.0];[0.00,60.0];[59.39,60.0];[40.45,8.0];[24.75,60.0];[52.05,55.0];[57.65,12.0];[0.00,60.0]
[0.00,60.0];[0.00,60.0];[0.00,60.0];[0.00,60.0];[0.00,60.0];[0.00,60.0];[32.34,8.0];[0.00,60.0];[0.00,60.0];[0.00,60.0];[0.00,60.0];[0.00,60.0];[0.00,60.0];[0.00,60.0];[0.00,60.0];[0.00,60.0];[0.00,60.0];[28.30,7.0];[0.00,60.0];[58.03,60.0];[72.77,18.0];[32.18,67.0];[32.18,59.0];[0.00,60.0]
[0.00,60.0];[0.00,60.0];[0.00,60.0];[0.00,60.0];[0.00,60.0];[0.00,60.0];[63.39,13.0];[0.00,60.0];[0.00,60.0];[0.00,60.0];[0.00,60.0];[0.00,60.0];[0.00,60.0];[0.00,60.0];[0.00,60.0];[0.00,60.0];[0.00,60.0];[0.00,60.0];[110.91,71.0];[0.00,60.0];[58.00,67.0];[23.86,50.0];[0.00,60.0];[24.38,5.0]
[0.00,60.0];[0.00,60.0];[0.00,60.0];[0.00,60.0];[0.00,60.0];[0.00,60.0];[0.00,60.0];[0.00,60.0];[0.00,60.0];[0.00,60.0];[0.00,60.0];[16.44,10.0];[0.00,60.0];[16.44,7.0];[0.00,60.0];[0.00,60.0];[16.44,9.0];[16.44,7.0];[76.02,65.0];[0.00,60.0];[24.83,60.0];[70.48,56.0];[0.00,60.0];[0.00,60.0]
[0.00,60.0];[0.00,60.0];[0.00,60.0];[0.00,60.0];[0.00,60.0];[0.00,60.0];[36.11,12.0];[0.00,60.0];[0.00,60.0];[0.00,60.0];[0.00,60.0];[0.00,60.0];[15.71,8.0];[0.00,60.0];[0.00,60.0];[0.00,60.0];[0.00,60.0];[56.94,60.0];[15.71,5.0];[39.43,67.0];[23.72,50.0];[66.86,27.0];[0.00,60.0];[0.00,60.0]
