#Y-2010
#M-Jan
2.30, 2.22, 2.28, 2.14, 2.11, 2.27, 3.76, 5.67, 3.71, 2.67, 5.05, 4.81, 4.82, 4.71, 4.31, 3.89, 3.38, 4.48, 4.62, 4.73, 4.07, 3.99, 4.00, 4.08
1.42, 1.90, 2.57, 2.73, 2.63, 2.77, 2.83, 4.58, 2.99, 2.81, 5.16, 6.63, 5.03, 5.73, 5.66, 3.58, 3.60, 4.90, 4.79, 4.76, 3.92, 3.94, 3.85, 3.80
2.72, 1.67, 1.87, 2.02, 1.98, 2.03, 3.15, 5.18, 3.43, 3.19, 4.99, 5.31, 4.48, 3.86, 2.31, 2.67, 2.62, 3.80, 3.65, 2.60, 3.15, 2.18, 2.00, 1.95
1.13, 1.23, 1.57, 1.82, 1.89, 1.88, 3.12, 5.18, 2.05, 2.11, 4.57, 4.11, 3.31, 2.87, 2.86, 2.91, 2.86, 2.88, 3.03, 4.49, 3.81, 3.87, 3.87, 3.87
2.78, 2.22, 2.29, 2.58, 2.68, 2.55, 2.49, 4.51, 2.96, 2.99, 5.42, 5.53, 5.23, 4.67, 4.59, 3.89, 3.76, 5.26, 5.29, 5.28, 4.46, 4.49, 4.51, 4.45
3.04, 2.99, 3.10, 3.14, 3.19, 3.11, 2.94, 4.78, 3.27, 3.31, 5.75, 5.72, 5.68, 5.32, 4.83, 4.73, 4.51, 4.10, 5.39, 5.45, 4.55, 4.44, 4.53, 4.41
1.57, 2.31, 2.81, 3.07, 3.03, 2.95, 2.86, 4.78, 4.59, 4.43, 5.98, 5.46, 5.48, 4.96, 4.57, 4.31, 3.59, 3.49, 5.21, 5.39, 4.46, 4.47, 4.35, 4.27
3.01, 2.90, 2.85, 3.06, 2.98, 2.78, 4.10, 5.79, 3.42, 3.17, 5.34, 5.26, 5.32, 4.89, 4.64, 4.46, 4.07, 4.04, 5.08, 5.06, 4.29, 4.39, 4.28, 4.29
2.56, 2.14, 2.66, 2.50, 2.60, 2.42, 2.79, 6.00, 4.43, 3.24, 5.25, 6.38, 6.26, 5.48, 4.23, 3.52, 3.21, 4.71, 4.70, 4.72, 4.00, 4.04, 4.20, 4.00
1.60, 1.76, 2.41, 2.51, 2.67, 2.71, 2.69, 4.62, 3.14, 4.12, 6.53, 6.26, 5.98, 5.31, 3.82, 3.08, 4.41, 4.30, 4.34, 4.26, 3.65, 3.69, 3.63, 3.63
2.66, 1.73, 1.80, 2.02, 2.10, 2.10, 3.23, 4.37, 2.44, 2.28, 4.64, 4.29, 3.43, 2.60, 2.43, 2.46, 2.77, 2.69, 3.93, 4.00, 3.61, 3.60, 3.63, 3.60
2.70, 1.35, 1.75, 2.04, 2.20, 2.45, 3.63, 5.51, 3.52, 2.56, 4.83, 4.60, 3.84, 3.39, 3.10, 3.09, 3.09, 3.04, 4.08, 4.23, 3.62, 3.72, 3.75, 3.82
2.78, 1.54, 2.12, 2.42, 2.52, 2.37, 3.61, 4.75, 2.79, 2.59, 5.08, 5.08, 4.08, 3.62, 2.94, 2.95, 3.08, 3.17, 4.40, 4.49, 3.75, 3.88, 3.73, 3.75
2.73, 2.11, 2.19, 2.45, 2.54, 2.46, 2.35, 5.73, 3.70, 2.81, 5.15, 4.78, 4.21, 3.84, 3.35, 3.18, 3.22, 4.45, 4.50, 4.67, 4.01, 3.87, 3.97, 3.96
2.80, 3.04, 2.07, 2.24, 2.42, 2.43, 2.46, 5.62, 4.01, 3.22, 4.96, 4.99, 4.33, 3.72, 3.06, 2.90, 3.08, 4.30, 4.33, 4.43, 3.75, 3.76, 3.66, 3.70
2.38, 1.44, 1.73, 1.81, 1.85, 1.72, 3.17, 5.17, 3.22, 3.32, 4.91, 5.29, 4.18, 3.54, 2.38, 2.22, 3.53, 3.62, 3.74, 3.79, 3.42, 3.37, 3.36, 3.37
1.12, 1.11, 1.43, 1.76, 1.93, 1.95, 1.99, 3.99, 2.28, 1.94, 4.30, 5.14, 4.29, 3.24, 3.68, 3.46, 3.45, 2.47, 3.67, 3.72, 3.30, 3.30, 3.35, 3.01
1.33, 1.23, 1.35, 1.58, 1.76, 2.00, 3.22, 5.24, 2.44, 2.20, 4.58, 4.05, 3.13, 2.68, 2.43, 2.39, 2.42, 3.87, 3.90, 4.01, 3.55, 3.47, 3.15, 2.26
1.26, 1.14, 1.40, 1.68, 2.01, 2.07, 2.05, 4.06, 2.35, 2.20, 4.37, 3.88, 2.97, 2.38, 2.46, 2.49, 2.50, 3.64, 3.76, 3.71, 3.40, 3.46, 3.48, 3.40
2.12, 1.43, 1.83, 1.88, 1.90, 1.81, 1.74, 4.08, 2.38, 2.21, 4.68, 4.26, 3.44, 2.57, 2.23, 2.38, 2.59, 2.75, 3.93, 4.08, 3.48, 3.55, 3.47, 3.40
2.12, 1.36, 1.64, 1.75, 1.83, 1.77, 1.85, 4.02, 3.59, 3.41, 5.09, 4.12, 3.23, 2.63, 2.42, 2.42, 2.44, 2.52, 3.85, 3.83, 3.41, 3.40, 3.38, 3.36
2.00, 1.34, 1.51, 1.64, 1.69, 1.70, 3.14, 5.19, 2.17, 2.03, 4.42, 4.02, 3.33, 2.83, 2.75, 2.84, 2.90, 2.85, 3.95, 4.08, 3.52, 3.55, 3.54, 3.50
2.63, 1.26, 1.63, 2.14, 2.18, 2.17, 2.21, 4.20, 3.75, 3.54, 5.95, 4.26, 3.55, 4.15, 4.01, 2.58, 3.94, 3.97, 4.02, 4.02, 3.56, 3.57, 3.57, 2.17
1.43, 1.40, 1.76, 2.00, 2.13, 2.04, 3.47, 5.38, 2.30, 2.35, 5.95, 5.65, 4.88, 4.09, 3.89, 2.83, 2.67, 2.68, 3.74, 3.87, 3.40, 3.37, 3.35, 3.13
1.36, 1.11, 1.23, 1.43, 1.68, 1.83, 3.01, 5.02, 3.34, 1.71, 4.13, 3.45, 2.44, 2.30, 2.22, 2.25, 2.22, 3.44, 2.05, 3.45, 3.13, 3.16, 3.21, 3.09
2.12, 1.31, 1.36, 1.47, 1.70, 1.69, 1.85, 3.97, 2.30, 2.13, 4.43, 3.82, 2.67, 2.26, 2.17, 2.19, 2.39, 3.67, 3.71, 3.59, 3.15, 3.16, 3.14, 3.14
2.50, 2.47, 1.82, 1.48, 1.60, 1.71, 2.94, 4.94, 2.23, 1.84, 4.24, 3.09, 2.28, 1.98, 2.04, 2.13, 2.26, 2.40, 3.63, 3.68, 3.29, 3.28, 3.31, 3.32
2.53, 1.84, 1.41, 1.66, 1.81, 1.71, 3.05, 4.25, 2.19, 2.06, 4.43, 3.71, 2.54, 2.26, 2.30, 2.43, 2.59, 3.76, 2.93, 3.76, 3.37, 3.39, 3.40, 3.42
2.58, 1.32, 1.61, 1.87, 2.02, 2.04, 3.20, 5.25, 2.98, 2.24, 4.69, 4.24, 3.26, 2.65, 2.56, 2.79, 2.75, 2.80, 4.00, 4.07, 3.58, 3.59, 3.70, 3.74
2.74, 1.40, 2.08, 2.38, 2.38, 2.43, 2.41, 4.38, 2.70, 2.35, 4.78, 6.19, 3.97, 5.05, 3.12, 3.11, 4.56, 4.60, 4.64, 4.70, 4.12, 4.09, 4.02, 4.03
2.85, 1.71, 2.33, 2.57, 2.73, 2.78, 4.00, 5.96, 2.81, 2.78, 5.28, 5.12, 6.05, 4.00, 3.89, 3.55, 3.50, 4.63, 4.96, 4.96, 4.15, 4.02, 4.05, 4.05
