#Y-2010
#M-Jan
3533.33, 2800.00, 3083.33, 2991.67, 3441.67, 4391.67, 5800.00, 7100.00, 6891.67, 6183.33, 8291.67, 7741.67, 7891.67, 8416.67, 8958.33, 7958.33, 8225.00, 8800.00, 9100.00, 9475.00, 7600.00, 7350.00, 7100.00, 7725.00
2541.67, 2583.33, 4400.00, 5483.33, 5433.33, 6525.00, 6808.33, 6641.67, 6516.67, 6266.67, 8791.67, 10250.00, 8791.67, 10250.00, 9700.00, 8041.67, 8658.33, 7275.00, 9525.00, 9575.00, 7100.00, 7475.00, 6200.00, 6000.00
3625.00, 2125.00, 1783.33, 1933.33, 2150.00, 1658.33, 2650.00, 6350.00, 3950.00, 2800.00, 4333.33, 5650.00, 4450.00, 3925.00, 2216.67, 3983.33, 2883.33, 4225.00, 4083.33, 3583.33, 3658.33, 2408.33, 2616.67, 2116.67
666.67, 916.67, 1458.33, 1575.00, 1083.33, 1083.33, 2325.00, 5975.00, 2941.67, 2508.33, 5058.33, 5358.33, 4333.33, 4183.33, 4833.33, 4183.33, 5441.67, 5016.67, 6616.67, 7825.00, 5775.00, 7150.00, 6250.00, 7275.00
3375.00, 3208.33, 3383.33, 4433.33, 5358.33, 5041.67, 5516.67, 6100.00, 6516.67, 6558.33, 9125.00, 9333.33, 9583.33, 9500.00, 8533.33, 9166.67, 9541.67, 10250.00, 10250.00, 10500.00, 8350.00, 8475.00, 8225.00, 8600.00
4750.00, 4991.67, 7175.00, 7308.33, 7308.33, 7183.33, 7016.67, 7016.67, 7266.67, 6891.67, 9708.33, 9583.33, 9833.33, 9625.00, 9333.33, 9708.33, 9250.00, 9416.67, 10750.00, 10750.00, 8350.00, 8350.00, 8350.00, 8600.00
3416.67, 4616.67, 6541.67, 7058.33, 7433.33, 7475.00, 7058.33, 6683.33, 8600.00, 8600.00, 10333.33, 9333.33, 9333.33, 9375.00, 9091.67, 8916.67, 8291.67, 8491.67, 11000.00, 10750.00, 8600.00, 8350.00, 8600.00, 7850.00
4250.00, 4383.33, 6158.33, 7183.33, 7433.33, 7266.67, 8225.00, 7516.67, 6683.33, 7308.33, 9041.67, 9541.67, 8916.67, 9333.33, 9183.33, 8758.33, 9000.00, 9083.33, 10250.00, 9975.00, 8350.00, 7850.00, 8100.00, 8225.00
3666.67, 3283.33, 5291.67, 5391.67, 6391.67, 5225.00, 6808.33, 7850.00, 7850.00, 7016.67, 8833.33, 9500.00, 10000.00, 9700.00, 8266.67, 8266.67, 7766.67, 8875.00, 9600.00, 9450.00, 7350.00, 7600.00, 7850.00, 7808.33
2833.33, 2866.67, 4791.67, 5291.67, 5683.33, 5433.33, 5358.33, 6225.00, 6433.33, 7850.00, 10125.00, 9583.33, 9875.00, 9200.00, 7491.67, 5341.67, 6900.00, 6725.00, 6575.00, 6350.00, 5575.00, 4875.00, 5550.00, 4775.00
3000.00, 2166.67, 1583.33, 2183.33, 2550.00, 2358.33, 3425.00, 5350.00, 4350.00, 3083.33, 5558.33, 5350.00, 3566.67, 4091.67, 3191.67, 3141.67, 4083.33, 3358.33, 5600.00, 5150.00, 4650.00, 4825.00, 5450.00, 5025.00
3625.00, 1791.67, 1700.00, 2666.67, 3366.67, 3958.33, 5125.00, 5975.00, 6316.67, 5100.00, 6716.67, 6591.67, 6016.67, 5541.67, 4308.33, 5283.33, 5358.33, 4958.33, 5950.00, 6125.00, 5125.00, 5575.00, 5775.00, 5975.00
3250.00, 2541.67, 2966.67, 3733.33, 4425.00, 4033.33, 5175.00, 6266.67, 6058.33, 4583.33, 8333.33, 8708.33, 6900.00, 5416.67, 5166.67, 4958.33, 5283.33, 3933.33, 7525.00, 8400.00, 5525.00, 7150.00, 5800.00, 5875.00
3250.00, 2583.33, 3183.33, 3900.00, 4558.33, 4991.67, 4741.67, 7100.00, 7141.67, 6183.33, 8583.33, 7166.67, 7966.67, 6691.67, 5941.67, 5958.33, 5758.33, 7600.00, 8850.00, 9475.00, 7350.00, 7350.00, 7475.00, 7600.00
3500.00, 3625.00, 3241.67, 3666.67, 4583.33, 4033.33, 4483.33, 6975.00, 6900.00, 6200.00, 7083.33, 7133.33, 7358.33, 5966.67, 5641.67, 4991.67, 5641.67, 6475.00, 6450.00, 6700.00, 6000.00, 5950.00, 5225.00, 5325.00
3083.33, 1833.33, 1616.67, 1891.67, 1766.67, 1191.67, 2575.00, 5975.00, 4241.67, 3250.00, 4616.67, 5200.00, 3941.67, 3433.33, 2416.67, 1966.67, 3725.00, 3400.00, 3950.00, 3925.00, 3950.00, 3375.00, 3875.00, 3250.00
1041.67, 916.67, 916.67, 1450.00, 1608.33, 1608.33, 2025.00, 4933.33, 3083.33, 2041.67, 4241.67, 5075.00, 4275.00, 3225.00, 4175.00, 3741.67, 3483.33, 2558.33, 3775.00, 3625.00, 3050.00, 3050.00, 2925.00, 2466.67
1125.00, 916.67, 1041.67, 916.67, 1616.67, 1733.33, 3225.00, 6350.00, 3883.33, 3425.00, 4808.33, 4308.33, 3675.00, 2583.33, 3066.67, 3291.67, 3316.67, 4300.00, 4450.00, 5050.00, 4750.00, 3875.00, 4308.33, 3383.33
1416.67, 1041.67, 1291.67, 1616.67, 1533.33, 2350.00, 2308.33, 5183.33, 4125.00, 2408.33, 4116.67, 4441.67, 3241.67, 2316.67, 2483.33, 2775.00, 2558.33, 3750.00, 3875.00, 4050.00, 3700.00, 3950.00, 4475.00, 3450.00
2500.00, 1750.00, 1833.33, 1816.67, 2066.67, 1691.67, 866.67, 5308.33, 4175.00, 3108.33, 5483.33, 5550.00, 4033.33, 3241.67, 2216.67, 2441.67, 3941.67, 3783.33, 5475.00, 5100.00, 4150.00, 4775.00, 3825.00, 3450.00
2125.00, 1875.00, 1708.33, 1391.67, 1816.67, 1941.67, 2016.67, 4933.33, 4800.00, 4250.00, 5283.33, 4408.33, 3183.33, 3008.33, 2716.67, 2716.67, 3091.67, 4116.67, 3950.00, 4625.00, 3825.00, 3375.00, 3950.00, 3050.00
1875.00, 1083.33, 1208.33, 916.67, 1191.67, 1241.67, 2575.00, 5850.00, 3716.67, 2925.00, 5416.67, 4966.67, 4625.00, 4183.33, 3833.33, 4275.00, 4858.33, 4408.33, 5658.33, 5725.00, 4125.00, 5000.00, 4500.00, 4175.00
2875.00, 1666.67, 1616.67, 2508.33, 2383.33, 3000.00, 2883.33, 5308.33, 6000.00, 4575.00, 7050.00, 5891.67, 4841.67, 5225.00, 5350.00, 4091.67, 4625.00, 5350.00, 5475.00, 5350.00, 4575.00, 5025.00, 4450.00, 3308.33
1583.33, 1708.33, 1625.00, 1783.33, 2633.33, 2258.33, 3925.00, 6600.00, 4791.67, 3183.33, 7625.00, 6450.00, 5525.00, 5075.00, 4925.00, 3475.00, 3833.33, 3758.33, 4550.00, 4550.00, 3700.00, 3450.00, 3175.00, 3083.33
1208.33, 916.67, 1041.67, 791.67, 791.67, 1000.00, 2125.00, 5600.00, 3300.00, 1066.67, 3666.67, 3166.67, 2300.00, 2133.33, 1933.33, 2000.00, 2033.33, 2900.00, 1866.67, 2900.00, 2600.00, 2800.00, 2525.00, 2400.00
1666.67, 958.33, 1208.33, 791.67, 1441.67, 991.67, 1283.33, 4808.33, 3408.33, 2000.00, 4083.33, 3958.33, 2983.33, 2416.67, 2291.67, 1966.67, 2708.33, 3700.00, 3550.00, 3425.00, 2525.00, 2600.00, 2600.00, 2200.00
2000.00, 2000.00, 1333.33, 833.33, 958.33, 833.33, 2000.00, 5600.00, 2066.67, 1033.33, 3833.33, 3100.00, 1833.33, 1666.67, 1866.67, 2291.67, 2016.67, 2458.33, 3225.00, 3750.00, 3050.00, 3050.00, 3250.00, 3250.00
2250.00, 1458.33, 1083.33, 1125.00, 958.33, 791.67, 2250.00, 4766.67, 2758.33, 1925.00, 4283.33, 3758.33, 2941.67, 2416.67, 2216.67, 2366.67, 3175.00, 3625.00, 3541.67, 4050.00, 3750.00, 3500.00, 3700.00, 3950.00
2750.00, 1208.33, 1708.33, 1658.33, 1808.33, 1983.33, 3350.00, 6225.00, 4625.00, 3008.33, 5733.33, 5058.33, 4391.67, 4016.67, 3366.67, 4533.33, 3783.33, 4208.33, 5825.00, 5800.00, 5100.00, 4825.00, 5325.00, 5700.00
3625.00, 1916.67, 2391.67, 3608.33, 3458.33, 4225.00, 3358.33, 5683.33, 5608.33, 4966.67, 6916.67, 8150.00, 6291.67, 7250.00, 5966.67, 7141.67, 9150.00, 9350.00, 9600.00, 9225.00, 7725.00, 7725.00, 7225.00, 7725.00
3875.00, 2616.67, 4491.67, 4941.67, 5558.33, 6358.33, 7975.00, 7725.00, 6266.67, 6516.67, 8833.33, 8458.33, 9875.00, 7925.00, 8266.67, 8058.33, 8058.33, 9225.00, 9825.00, 9850.00, 7725.00, 7600.00, 7350.00, 7600.00
