2006-01-02, 5.00, 5.10, 3.90, 4.70, 4.00, 4.50, 5.10, 4.80, 5.10, 4.60, 5.40, 5.40, 6.40, 3.90, 5.50, 4.20, 5.70, 7.90, 6.50, 6.30, 5.20, 5.30, 4.70, 4.80
2006-01-03, 3.70, 4.70, 4.60, 4.40, 4.10, 4.20, 4.20, 5.20, 6.20, 5.80, 6.60, 5.20, 6.40, 5.10, 7.30, 7.50, 6.30, 4.90, 5.30, 5.70, 4.90, 6.90, 6.90, 6.50
2006-01-04, 5.40, 6.00, 4.50, 4.50, 4.60, 4.20, 5.70, 5.10, 6.60, 5.00, 5.80, 5.80, 4.90, 4.80, 4.10, 6.60, 7.70, 7.30, 6.50, 6.50, 5.50, 5.50, 5.70, 4.40
2006-01-05, 5.70, 4.60, 4.90, 4.80, 4.70, 5.40, 5.00, 5.60, 5.80, 5.20, 4.70, 5.50, 4.60, 5.00, 5.50, 5.60, 4.80, 6.70, 7.20, 7.00, 5.10, 4.40, 4.50, 4.10
2006-01-06, 4.30, 4.10, 3.40, 4.40, 3.30, 4.90, 3.60, 4.30, 5.00, 6.20, 5.80, 5.70, 4.70, 4.80, 6.50, 5.30, 6.80, 7.10, 7.20, 6.70, 7.00, 5.50, 5.30, 5.00
2006-01-07, 4.50, 5.50, 4.00, 5.00, 4.10, 4.80, 4.90, 4.60, 4.50, 4.10, 5.60, 6.10, 5.70, 5.30, 7.70, 6.90, 7.20, 8.30, 6.80, 6.20, 5.50, 5.60, 4.70, 4.90
2006-01-08, 5.80, 5.40, 4.80, 3.60, 4.60, 3.80, 5.10, 3.70, 4.20, 4.00, 4.80, 4.90, 5.80, 5.70, 5.20, 6.10, 5.10, 7.90, 5.80, 5.90, 5.60, 5.00, 5.60, 4.00
2006-01-09, 4.80, 3.60, 3.70, 3.90, 3.60, 4.90, 3.50, 4.60, 5.40, 5.80, 6.80, 5.80, 6.50, 6.90, 5.90, 5.90, 5.90, 4.80, 7.80, 6.90, 6.10, 6.50, 6.60, 7.60
2006-01-10, 4.80, 5.20, 4.30, 4.70, 5.50, 4.30, 4.90, 5.10, 7.00, 5.90, 5.30, 5.70, 5.70, 5.30, 5.10, 6.00, 6.80, 6.90, 7.00, 6.10, 5.40, 4.00, 4.40, 5.50
2006-01-11, 3.40, 3.80, 3.90, 3.50, 4.10, 3.00, 3.20, 4.50, 5.20, 5.90, 3.80, 2.50, 2.90, 2.40, 3.60, 3.10, 5.40, 7.00, 6.70, 6.30, 4.60, 4.00, 4.70, 3.30
2006-01-12, 4.70, 3.90, 3.30, 3.00, 2.50, 3.80, 3.00, 3.90, 4.50, 3.70, 5.10, 4.10, 4.50, 3.90, 4.90, 6.60, 5.90, 6.30, 5.70, 5.40, 6.20, 5.90, 4.50, 5.40
2006-01-13, 4.70, 3.10, 3.60, 2.90, 4.00, 3.30, 3.30, 4.30, 5.30, 6.60, 5.10, 5.00, 4.80, 5.60, 5.10, 5.10, 5.40, 5.00, 6.40, 5.60, 4.40, 3.90, 4.30, 4.00
2006-01-14, 3.70, 3.60, 3.30, 3.80, 3.90, 3.60, 3.50, 3.30, 5.00, 4.50, 4.70, 5.50, 4.50, 5.10, 5.40, 5.80, 6.50, 6.50, 7.40, 5.50, 6.20, 4.80, 5.40, 4.10
2006-01-15, 3.00, 3.80, 3.30, 3.70, 3.30, 3.00, 3.80, 2.80, 4.10, 4.00, 4.80, 5.60, 3.90, 4.40, 3.40, 4.70, 5.40, 5.10, 5.50, 3.80, 4.40, 4.00, 5.50, 4.00
2006-01-16, 3.04, 3.87, 3.26, 3.85, 3.49, 2.96, 3.83, 4.55, 5.80, 4.61, 5.34, 4.53, 4.61, 3.96, 4.38, 3.89, 4.98, 6.18, 4.65, 4.51, 4.68, 4.10, 5.76, 5.79
2006-01-17, 5.71, 5.20, 4.44, 3.94, 3.96, 4.10, 4.30, 5.16, 4.03, 6.04, 3.35, 4.07, 3.16, 4.44, 4.15, 5.55, 5.79, 5.76, 5.62, 5.71, 6.00, 5.30, 6.83, 5.25
2006-01-18, 5.18, 3.81, 3.67, 3.90, 4.54, 4.09, 3.47, 4.69, 4.83, 6.21, 5.21, 6.41, 5.59, 5.53, 6.50, 5.83, 5.95, 6.40, 6.62, 4.59, 5.12, 5.45, 5.94, 5.38
2006-01-19, 5.32, 4.25, 4.23, 4.61, 4.68, 5.09, 4.04, 5.78, 4.37, 6.07, 6.74, 4.83, 4.59, 5.14, 4.71, 4.83, 8.86, 6.22, 5.61, 6.00, 6.86, 4.51, 6.03, 4.26
2006-01-20, 4.49, 4.65, 4.94, 4.48, 4.30, 5.38, 4.02, 5.31, 4.70, 5.99, 4.35, 6.55, 4.79, 5.65, 5.33, 6.57, 5.88, 4.85, 5.21, 6.17, 4.90, 4.00, 5.58, 4.39
2006-01-21, 4.68, 3.24, 3.77, 3.38, 4.46, 3.59, 3.29, 3.90, 3.09, 5.11, 5.38, 5.46, 5.29, 4.99, 4.93, 4.56, 5.77, 5.23, 5.42, 3.61, 4.49, 3.35, 3.68, 3.29
2006-01-22, 3.77, 3.54, 3.42, 3.46, 3.25, 3.59, 3.86, 3.63, 3.21, 4.03, 3.51, 5.29, 4.78, 5.37, 3.99, 6.15, 5.77, 6.88, 6.05, 6.38, 6.21, 5.17, 5.93, 5.62
2006-01-23, 7.24, 3.93, 4.41, 3.70, 4.32, 3.90, 3.90, 3.84, 3.91, 4.85, 4.42, 5.53, 4.62, 5.26, 4.37, 5.64, 3.98, 6.31, 6.00, 5.91, 4.12, 4.42, 4.36, 5.02
2006-01-24, 4.43, 3.11, 3.46, 3.41, 3.90, 3.51, 3.13, 4.91, 4.38, 5.46, 3.02, 4.57, 2.93, 3.61, 3.57, 4.46, 6.30, 3.84, 5.58, 5.38, 4.41, 5.88, 4.89, 5.53
2006-01-25, 4.71, 4.72, 4.29, 3.64, 4.01, 4.43, 3.78, 4.37, 5.00, 5.87, 4.92, 5.09, 4.53, 3.85, 3.12, 4.78, 4.56, 4.07, 6.61, 5.00, 6.15, 4.61, 6.32, 5.20
2006-01-26, 4.00, 3.99, 3.87, 4.09, 4.25, 4.27, 3.43, 4.43, 4.47, 4.90, 4.14, 3.51, 3.47, 4.79, 4.08, 4.51, 4.87, 4.74, 6.36, 5.74, 4.35, 3.63, 4.33, 5.33
2006-01-27, 3.57, 4.34, 3.49, 4.92, 3.51, 4.24, 3.50, 4.97, 6.22, 7.43, 6.61, 5.77, 6.27, 5.66, 6.40, 5.42, 5.53, 5.49, 5.38, 7.10, 5.09, 4.61, 6.02, 5.13
2006-01-28, 4.37, 4.13, 3.85, 3.32, 4.06, 3.97, 4.17, 3.29, 4.84, 5.03, 4.69, 5.15, 5.75, 6.77, 6.01, 5.42, 5.65, 6.14, 6.00, 7.69, 6.50, 5.33, 5.85, 6.67
2006-01-29, 5.00, 4.85, 4.43, 3.58, 4.72, 4.22, 4.46, 3.85, 4.35, 4.94, 5.55, 6.28, 6.02, 5.83, 4.05, 5.37, 5.42, 6.67, 4.88, 5.54, 6.04, 5.52, 5.53, 5.20
2006-01-30, 5.21, 5.64, 3.89, 4.47, 4.21, 4.59, 4.45, 4.72, 5.27, 4.08, 5.41, 5.40, 4.44, 4.20, 5.40, 5.95, 5.62, 6.79, 5.83, 6.24, 6.08, 6.60, 6.80, 4.78
2006-01-31, 4.03, 3.33, 3.09, 3.48, 3.16, 3.82, 3.76, 4.26, 5.54, 4.39, 5.11, 4.76, 5.18, 4.68, 3.41, 5.25, 5.12, 6.26, 6.76, 5.60, 6.13, 5.61, 6.40, 4.89
2006-02-01, 4.62, 3.98, 4.35, 4.33, 5.07, 4.58, 4.00, 5.00, 6.06, 5.50, 3.97, 3.98, 4.67, 3.93, 4.43, 4.00, 5.47, 4.80, 5.38, 4.92, 5.28, 6.35, 4.92, 5.08
2006-02-02, 4.85, 3.31, 4.01, 3.34, 4.60, 3.64, 4.25, 4.73, 4.90, 4.06, 5.30, 4.51, 4.57, 5.60, 3.08, 6.15, 4.65, 5.30, 5.91, 4.74, 3.88, 5.16, 4.14, 4.42
2006-02-03, 5.49, 4.33, 4.12, 3.28, 4.03, 3.93, 4.03, 3.57, 4.78, 5.53, 5.86, 5.24, 5.23, 5.38, 3.90, 4.60, 4.16, 5.83, 4.97, 5.22, 5.11, 4.93, 4.99, 4.93
2006-02-04, 4.37, 4.55, 4.24, 4.80, 4.82, 4.80, 4.34, 4.71, 4.70, 5.88, 6.38, 5.63, 6.18, 5.38, 6.34, 5.33, 5.68, 4.38, 4.88, 7.01, 6.47, 6.70, 6.33, 7.22
2006-02-05, 5.43, 5.56, 5.75, 4.11, 4.81, 4.22, 5.08, 4.93, 4.17, 6.15, 5.50, 7.46, 7.08, 7.06, 7.83, 7.68, 8.47, 6.86, 7.58, 6.80, 7.24, 7.46, 6.82, 7.82
2006-02-06, 6.57, 6.85, 5.87, 6.98, 4.74, 5.12, 4.75, 5.29, 6.06, 6.07, 5.37, 3.46, 4.28, 3.42, 5.05, 4.04, 5.64, 7.16, 5.38, 6.72, 6.16, 5.94, 4.45, 3.67
2006-02-07, 5.06, 3.60, 4.37, 3.66, 3.82, 4.61, 3.89, 5.84, 4.53, 5.56, 4.87, 5.66, 4.07, 4.48, 5.19, 6.30, 6.38, 6.21, 7.36, 6.63, 6.02, 5.22, 5.89, 5.21
2006-02-08, 4.27, 4.20, 4.11, 5.06, 3.89, 4.79, 3.90, 5.81, 4.36, 5.90, 4.61, 6.18, 3.95, 3.56, 4.59, 4.77, 5.50, 5.35, 5.51, 4.87, 4.59, 5.17, 4.89, 4.36
2006-02-09, 3.84, 4.05, 3.70, 4.75, 3.45, 4.01, 3.26, 4.56, 4.29, 5.27, 4.97, 4.67, 6.58, 3.81, 4.47, 3.71, 6.17, 6.02, 6.64, 6.27, 7.39, 6.22, 6.85, 5.86
2006-02-10, 5.00, 5.79, 4.91, 5.19, 3.61, 4.42, 3.86, 5.12, 4.33, 5.18, 5.88, 4.99, 5.50, 4.86, 5.74, 4.66, 5.70, 5.34, 5.85, 6.65, 5.42, 4.38, 4.50, 5.34
2006-02-11, 3.91, 4.45, 3.61, 5.23, 3.62, 4.53, 3.74, 4.31, 4.97, 4.39, 4.04, 4.80, 4.80, 4.00, 4.64, 5.03, 4.73, 4.21, 6.58, 6.33, 6.82, 7.02, 5.71, 6.24
2006-02-12, 5.41, 6.19, 5.13, 4.91, 3.83, 4.83, 3.91, 5.38, 4.12, 4.57, 4.75, 5.38, 5.73, 5.48, 7.15, 5.88, 6.31, 7.11, 7.00, 5.81, 6.35, 5.82, 5.92, 5.90
2006-02-13, 4.70, 4.55, 4.14, 4.56, 4.52, 5.22, 3.86, 4.81, 5.89, 5.85, 5.99, 6.23, 4.90, 5.72, 5.45, 5.74, 6.46, 7.33, 6.68, 5.95, 7.93, 5.59, 6.43, 4.34
2006-02-14, 4.26, 4.34, 4.29, 5.03, 3.99, 4.58, 3.86, 5.18, 5.13, 5.82, 5.05, 5.92, 4.63, 5.21, 4.94, 4.21, 6.79, 5.84, 6.45, 6.99, 6.47, 5.92, 5.57, 5.18
2006-02-15, 5.56, 4.57, 4.05, 4.63, 4.07, 5.34, 3.89, 5.44, 5.16, 6.09, 5.19, 5.10, 6.45, 4.77, 5.72, 5.24, 7.69, 6.44, 6.92, 6.40, 6.54, 5.82, 5.98, 6.09
2006-02-16, 5.69, 6.33, 4.09, 5.03, 4.15, 4.84, 5.22, 4.97, 6.04, 6.01, 6.04, 5.28, 5.23, 4.24, 4.62, 4.26, 6.69, 6.38, 6.91, 7.08, 5.49, 5.76, 4.14, 4.91
2006-02-17, 4.13, 4.80, 4.29, 3.95, 4.44, 3.75, 5.04, 4.25, 5.81, 5.19, 5.90, 4.42, 4.00, 4.97, 4.48, 5.21, 6.45, 7.68, 5.88, 6.65, 5.93, 5.03, 5.24, 5.41
2006-02-18, 5.06, 3.86, 4.54, 3.86, 5.27, 3.72, 4.43, 3.91, 4.18, 6.43, 6.14, 7.17, 5.17, 5.81, 5.03, 5.86, 5.05, 6.13, 5.31, 5.73, 6.65, 4.55, 5.05, 4.47
2006-02-19, 5.57, 4.13, 4.16, 3.66, 3.98, 4.66, 3.71, 3.97, 3.63, 5.05, 3.64, 5.31, 4.96, 5.71, 4.88, 5.33, 5.86, 4.93, 5.80, 5.11, 6.13, 5.44, 5.34, 4.85
2006-02-20, 4.42, 4.04, 3.57, 4.28, 4.27, 4.42, 3.52, 4.39, 4.10, 5.71, 4.61, 5.71, 5.43, 5.07, 5.30, 3.59, 5.33, 5.55, 5.73, 6.07, 6.34, 5.43, 3.89, 4.35
2006-02-21, 4.38, 4.32, 3.59, 4.34, 4.21, 4.23, 4.24, 4.54, 4.12, 3.88, 5.65, 5.11, 5.93, 5.09, 6.50, 5.01, 5.24, 5.98, 5.85, 6.54, 6.25, 6.42, 6.22, 5.64
2006-02-22, 5.51, 4.22, 4.40, 3.51, 4.57, 4.48, 4.69, 4.03, 4.92, 4.87, 5.89, 5.91, 4.98, 4.28, 3.11, 4.66, 4.60, 5.62, 5.74, 6.64, 6.60, 3.07, 2.57, 1.73
2006-02-23, 2.51, 2.28, 2.36, 1.65, 1.92, 2.63, 1.66, 2.28, 2.27, 4.88, 6.05, 5.52, 4.68, 5.37, 5.42, 5.17, 4.65, 4.36, 5.33, 5.05, 5.07, 4.75, 5.61, 5.21
2006-02-24, 4.59, 4.37, 3.47, 4.05, 4.25, 3.92, 3.85, 3.62, 4.29, 5.43, 6.21, 5.70, 6.48, 5.15, 5.62, 4.23, 4.87, 4.88, 3.77, 6.40, 3.48, 4.18, 3.63, 2.91
2006-02-25, 4.00, 2.51, 3.68, 2.60, 3.64, 3.49, 3.24, 2.90, 3.26, 5.40, 4.58, 4.38, 2.69, 3.18, 2.48, 3.62, 2.92, 2.85, 3.01, 3.57, 5.84, 3.97, 5.41, 4.29
2006-02-26, 4.34, 4.99, 4.14, 5.28, 3.44, 3.29, 3.05, 2.88, 3.82, 4.56, 4.22, 4.56, 5.41, 3.49, 5.26, 4.89, 6.71, 5.27, 7.84, 7.33, 6.03, 6.99, 5.22, 5.87
2006-02-27, 3.70, 4.18, 3.48, 4.02, 4.33, 3.95, 3.84, 3.90, 5.27, 4.29, 5.41, 6.38, 6.03, 5.68, 6.22, 5.18, 6.35, 6.41, 5.94, 6.66, 4.63, 4.80, 4.66, 5.26
2006-02-28, 3.37, 3.64, 3.76, 4.10, 4.56, 3.34, 4.61, 4.46, 6.11, 5.36, 5.46, 4.61, 5.09, 4.01, 5.27, 5.72, 5.97, 7.58, 5.68, 5.95, 7.36, 7.39, 4.92, 4.64
2006-03-01, 4.41, 3.92, 3.98, 3.54, 4.58, 3.79, 4.29, 3.75, 5.77, 4.65, 5.65, 3.62, 5.76, 4.90, 5.43, 7.00, 5.40, 6.20, 5.36, 6.81, 5.71, 5.36, 4.83, 3.67
2006-03-02, 3.44, 3.13, 4.13, 2.98, 3.62, 3.53, 4.33, 3.49, 5.46, 4.49, 4.64, 5.08, 6.33, 4.84, 6.27, 6.48, 5.02, 6.00, 5.33, 6.84, 6.14, 5.82, 4.17, 5.03
2006-03-03, 5.03, 3.77, 4.17, 3.45, 4.96, 3.66, 4.53, 3.77, 6.34, 4.98, 6.56, 7.09, 5.97, 6.12, 5.64, 6.54, 5.03, 5.04, 5.82, 5.61, 4.92, 4.05, 4.49, 4.39
2006-03-04, 5.87, 4.90, 5.63, 3.87, 4.73, 4.23, 5.39, 3.94, 4.28, 3.94, 5.48, 8.11, 5.82, 5.56, 4.76, 5.60, 4.89, 6.28, 5.41, 6.22, 4.80, 4.49, 4.45, 4.59
2006-03-05, 4.10, 3.79, 4.35, 3.60, 5.24, 3.46, 4.22, 3.67, 4.57, 5.14, 5.33, 4.84, 4.69, 4.88, 4.53, 5.84, 4.50, 5.36, 3.53, 6.33, 5.96, 5.49, 5.93, 5.57
2006-03-06, 5.03, 4.35, 4.95, 4.34, 5.64, 4.15, 4.88, 4.34, 6.23, 5.78, 6.10, 6.18, 5.76, 6.23, 5.19, 6.13, 5.61, 6.29, 5.42, 6.74, 4.93, 4.59, 4.24, 4.17
2006-03-07, 4.87, 3.92, 4.46, 3.75, 5.21, 3.93, 4.79, 4.20, 7.43, 6.59, 5.90, 6.24, 6.80, 5.58, 6.23, 5.69, 4.79, 6.97, 5.66, 8.05, 7.44, 6.55, 5.76, 5.24
2006-03-08, 4.39, 4.44, 5.44, 4.24, 5.06, 4.04, 4.94, 5.54, 5.74, 5.98, 5.18, 5.80, 4.51, 4.10, 4.55, 5.94, 5.70, 8.10, 6.14, 5.84, 6.84, 5.37, 5.66, 5.44
2006-03-09, 5.34, 5.87, 5.10, 5.97, 3.79, 4.45, 4.05, 5.74, 6.85, 6.06, 5.84, 5.32, 5.94, 4.33, 4.70, 4.49, 8.20, 5.15, 7.68, 5.70, 6.90, 6.83, 6.98, 4.71
2006-03-10, 3.97, 4.82, 4.43, 4.73, 3.79, 4.80, 4.00, 5.73, 6.01, 6.05, 5.50, 5.83, 5.54, 5.73, 4.53, 4.57, 5.99, 5.38, 6.82, 6.50, 6.77, 5.79, 6.30, 6.62
2006-03-11, 6.07, 5.89, 4.79, 4.98, 3.83, 5.04, 3.75, 5.65, 4.71, 6.00, 5.78, 5.98, 5.92, 5.69, 6.86, 5.62, 6.10, 5.39, 6.27, 7.24, 6.70, 5.84, 6.53, 6.75
2006-03-12, 6.14, 4.39, 4.39, 4.55, 4.03, 5.31, 4.19, 4.59, 4.64, 5.78, 5.46, 5.75, 5.74, 5.90, 6.08, 7.74, 6.00, 4.57, 6.17, 7.37, 6.68, 5.36, 6.48, 5.92
2006-03-13, 5.27, 5.39, 4.00, 4.16, 4.10, 4.41, 4.18, 5.18, 5.00, 6.35, 5.11, 6.00, 5.13, 5.66, 5.27, 5.36, 5.64, 6.03, 5.83, 5.68, 6.19, 5.99, 7.05, 5.65
2006-03-14, 4.23, 4.19, 3.76, 3.66, 4.64, 4.04, 4.54, 3.91, 5.68, 5.92, 5.49, 5.38, 4.45, 5.20, 5.80, 6.27, 4.40, 4.63, 3.71, 6.38, 5.47, 4.97, 5.29, 5.18
2006-03-15, 5.30, 3.49, 4.24, 3.25, 4.40, 3.93, 3.64, 4.56, 5.53, 5.58, 5.08, 5.83, 5.04, 5.25, 4.45, 6.44, 8.29, 5.99, 5.27, 6.12, 5.66, 5.82, 5.72, 4.95
2006-03-16, 5.79, 4.69, 4.53, 3.51, 4.20, 3.93, 4.20, 5.31, 5.14, 5.05, 4.74, 5.56, 3.36, 3.98, 4.53, 5.38, 6.35, 5.37, 6.67, 5.83, 6.34, 5.25, 5.96, 4.91
2006-03-17, 5.16, 5.20, 5.06, 4.27, 3.67, 4.20, 3.44, 4.68, 4.93, 6.57, 4.89, 4.74, 4.60, 3.01, 5.18, 4.44, 6.62, 4.24, 4.65, 4.93, 5.55, 4.97, 4.99, 5.18
2006-03-18, 4.52, 5.39, 3.88, 4.09, 3.16, 3.93, 3.43, 4.35, 3.41, 3.32, 3.79, 4.58, 6.55, 5.02, 6.52, 3.48, 3.53, 4.63, 4.03, 5.57, 6.63, 4.76, 3.90, 5.78
2006-03-19, 5.28, 4.28, 4.17, 3.84, 4.67, 4.14, 4.55, 3.60, 5.35, 4.89, 6.35, 5.65, 5.35, 5.46, 4.90, 5.59, 4.93, 5.85, 5.28, 7.38, 4.90, 4.77, 6.64, 4.98
2006-03-20, 5.04, 5.29, 3.55, 4.47, 3.52, 4.64, 4.09, 4.92, 5.02, 4.50, 5.10, 5.21, 5.03, 4.92, 4.95, 4.62, 5.32, 5.33, 5.32, 5.82, 6.49, 5.15, 5.04, 5.16
2006-03-21, 4.72, 5.39, 3.66, 4.34, 3.35, 4.38, 3.98, 4.84, 5.04, 5.63, 4.87, 4.65, 3.60, 4.14, 4.71, 3.66, 0.01, 6.84, 6.01, 4.50, 4.26, 4.11, 6.39, 4.68
2006-03-22, 4.04, 3.44, 3.23, 3.80, 4.02, 3.86, 3.10, 4.83, 6.27, 5.46, 4.52, 5.45, 4.26, 5.04, 4.59, 5.55, 4.57, 6.06, 6.71, 6.49, 7.98, 5.17, 5.79, 4.70
2006-03-23, 5.34, 5.65, 3.60, 3.94, 3.44, 4.78, 3.22, 5.43, 4.70, 5.00, 4.61, 5.00, 4.65, 4.69, 5.19, 5.05, 6.34, 5.02, 6.10, 6.36, 5.96, 5.78, 5.63, 5.03
2006-03-24, 4.53, 5.36, 4.28, 4.90, 3.18, 3.64, 3.43, 4.12, 4.82, 4.61, 5.44, 4.54, 5.47, 6.34, 5.24, 4.82, 5.93, 4.88, 7.93, 6.84, 6.05, 5.82, 6.05, 5.71
2006-03-25, 5.05, 5.63, 4.27, 5.41, 3.24, 4.13, 3.10, 3.98, 4.33, 5.11, 5.20, 6.13, 6.07, 6.00, 7.00, 7.23, 8.08, 5.47, 5.84, 5.77, 8.01, 5.59, 6.53, 5.86
2006-03-26, 5.93, 5.21, 0.00, 5.58, 5.06, 4.03, 4.25, 3.19, 4.47, 3.63, 8.11, 5.60, 5.35, 4.87, 5.57, 5.70, 5.73, 5.71, 4.32, 5.55, 6.78, 4.63, 5.85, 4.75
2006-03-27, 5.94, 3.27, 4.35, 3.33, 4.52, 3.85, 4.12, 4.49, 5.13, 5.46, 4.53, 5.57, 4.41, 5.49, 5.45, 6.24, 5.77, 5.04, 5.56, 6.91, 6.56, 5.31, 6.95, 5.21
2006-03-28, 5.65, 3.92, 3.78, 3.61, 3.66, 4.33, 3.46, 4.18, 3.96, 3.98, 4.38, 5.24, 4.32, 5.88, 4.53, 5.14, 5.58, 4.97, 5.27, 5.17, 5.61, 5.10, 6.48, 4.46
2006-03-29, 5.16, 4.31, 5.03, 3.14, 3.61, 3.48, 3.42, 4.61, 4.82, 4.34, 4.59, 5.05, 4.16, 5.07, 4.12, 4.95, 5.84, 5.27, 6.20, 5.10, 5.82, 4.90, 5.45, 4.67
2006-03-30, 4.75, 4.87, 4.22, 3.78, 3.07, 4.09, 2.92, 5.76, 4.85, 5.61, 4.58, 4.60, 4.74, 4.29, 5.18, 4.70, 6.04, 3.72, 3.82, 3.70, 4.15, 4.23, 4.23, 4.58
2006-03-31, 4.82, 4.71, 4.85, 4.65, 3.81, 4.54, 3.69, 4.78, 4.10, 5.13, 2.72, 2.95, 3.03, 2.81, 4.15, 3.01, 4.83, 2.92, 3.81, 4.02, 3.58, 3.80, 3.49, 3.79
2006-04-01, 3.14, 4.08, 3.08, 4.07, 3.11, 3.88, 3.56, 3.48, 3.67, 3.34, 3.20, 3.19, 3.55, 2.77, 3.79, 3.27, 2.83, 3.83, 2.67, 3.99, 4.96, 3.59, 4.31, 5.42
2006-04-02, 3.77, 3.35, 3.75, 3.24, 3.86, 2.83, 3.67, 2.78, 3.50, 3.10, 4.04, 5.24, 5.71, 4.63, 5.00, 4.73, 5.25, 6.56, 5.36, 5.50, 4.43, 5.46, 4.57, 3.88
2006-04-03, 3.22, 3.36, 3.39, 3.99, 3.54, 3.01, 3.61, 3.41, 4.57, 3.21, 5.02, 3.29, 3.59, 3.75, 4.63, 5.04, 6.60, 5.15, 5.33, 4.91, 4.36, 5.02, 4.17, 4.95
2006-04-04, 2.85, 3.48, 2.89, 3.41, 3.97, 3.12, 2.93, 4.72, 5.20, 4.41, 4.57, 4.23, 3.96, 3.24, 2.69, 5.10, 4.01, 4.89, 3.98, 7.04, 5.57, 5.27, 4.75, 4.89
2006-04-05, 4.42, 4.39, 4.54, 4.08, 4.86, 2.92, 3.53, 2.69, 5.10, 4.90, 3.64, 2.50, 2.69, 3.06, 3.29, 3.41, 4.79, 4.51, 4.54, 4.01, 6.09, 4.71, 3.37, 3.23
2006-04-06, 2.54, 3.96, 2.95, 3.43, 2.85, 2.63, 2.51, 4.46, 5.29, 3.29, 3.51, 3.46, 5.08, 3.85, 4.02, 6.17, 4.52, 4.91, 6.18, 4.86, 5.14, 4.33, 4.21, 2.85
2006-04-07, 4.48, 2.89, 3.36, 3.28, 3.21, 4.23, 2.98, 4.23, 4.92, 4.30, 4.03, 4.41, 4.88, 3.88, 3.51, 4.48, 4.41, 3.93, 5.17, 5.17, 4.69, 4.59, 3.60, 4.21
2006-04-08, 3.30, 4.00, 2.91, 3.83, 3.77, 3.47, 3.35, 3.11, 3.87, 3.47, 4.63, 3.59, 5.89, 5.54, 5.52, 5.45, 6.27, 5.66, 5.00, 6.72, 6.10, 5.33, 5.71, 4.77
2006-04-09, 5.22, 4.76, 4.54, 3.74, 3.40, 4.03, 3.28, 4.48, 3.60, 3.90, 4.86, 5.11, 4.96, 4.84, 4.30, 4.87, 5.81, 4.65, 5.46, 5.76, 5.60, 6.04, 4.54, 5.04
2006-04-10, 4.55, 4.24, 4.52, 4.58, 4.82, 3.90, 4.37, 4.90, 4.30, 3.96, 3.87, 4.18, 3.03, 5.90, 3.66, 3.58, 4.23, 2.95, 4.69, 6.80, 3.76, 4.19, 3.79, 4.19
2006-04-11, 2.58, 3.57, 2.69, 4.20, 2.91, 2.69, 2.66, 3.48, 3.29, 4.10, 4.27, 3.87, 2.54, 3.94, 4.90, 4.53, 5.70, 3.80, 3.22, 5.41, 4.80, 3.88, 4.74, 2.98
2006-04-12, 2.30, 2.88, 2.47, 3.24, 3.42, 2.54, 2.78, 3.46, 2.94, 3.04, 5.08, 3.28, 3.81, 3.61, 4.10, 5.04, 4.56, 4.00, 5.36, 5.08, 3.47, 3.63, 4.42, 3.69
2006-04-13, 3.20, 3.66, 3.49, 3.39, 3.89, 3.19, 2.93, 3.55, 3.53, 2.52, 5.57, 4.19, 4.25, 4.84, 3.88, 4.28, 5.56, 4.88, 4.64, 6.38, 4.85, 5.57, 5.38, 4.14
2006-04-14, 3.20, 3.42, 3.00, 3.98, 3.40, 2.81, 3.44, 2.81, 3.32, 4.45, 3.56, 3.94, 4.93, 6.07, 4.19, 4.22, 3.73, 3.55, 5.64, 5.71, 4.90, 5.90, 5.38, 4.44
2006-04-15, 3.10, 3.70, 3.59, 4.14, 3.94, 3.54, 3.37, 2.98, 3.69, 4.88, 5.50, 4.46, 5.35, 4.35, 3.31, 3.69, 3.11, 4.54, 2.98, 5.08, 3.90, 4.68, 5.31, 4.15
2006-04-16, 4.28, 4.59, 4.14, 3.57, 3.18, 3.86, 3.82, 3.63, 3.19, 3.44, 4.61, 4.49, 5.86, 4.84, 4.88, 3.60, 3.33, 6.32, 5.97, 4.81, 5.47, 6.66, 4.59, 3.58
2006-04-17, 3.99, 2.57, 3.41, 2.80, 3.95, 2.80, 2.90, 2.62, 3.10, 4.56, 4.00, 5.11, 4.45, 4.39, 4.32, 4.42, 5.68, 3.94, 6.10, 4.60, 4.65, 4.97, 4.03, 4.37
2006-04-18, 3.67, 3.23, 2.62, 2.29, 3.21, 2.26, 3.87, 2.42, 4.05, 4.23, 3.63, 2.98, 2.28, 3.33, 2.58, 2.54, 4.18, 2.53, 3.67, 3.31, 3.42, 3.16, 3.63, 4.58
2006-04-19, 3.57, 3.66, 3.08, 2.41, 3.18, 3.01, 2.80, 3.56, 3.61, 5.25, 4.26, 4.42, 2.50, 4.13, 4.11, 3.29, 4.53, 4.39, 5.07, 5.15, 3.11, 3.35, 4.06, 4.74
2006-04-20, 4.12, 3.80, 4.41, 3.63, 3.63, 2.37, 2.55, 3.53, 3.70, 4.55, 3.94, 3.43, 2.84, 3.88, 2.63, 6.26, 3.06, 3.22, 4.30, 3.66, 5.25, 4.51, 4.60, 4.58
2006-04-21, 3.59, 4.30, 3.75, 3.65, 4.26, 2.25, 3.12, 2.69, 3.80, 3.35, 3.72, 2.88, 2.01, 2.67, 3.21, 2.43, 2.95, 4.19, 5.72, 5.90, 4.79, 4.06, 3.91, 4.72
2006-04-22, 3.77, 4.08, 3.64, 2.58, 3.04, 2.37, 3.19, 3.26, 2.21, 3.89, 3.74, 2.91, 3.42, 3.24, 3.88, 2.68, 3.50, 4.08, 2.37, 6.40, 3.49, 3.99, 3.93, 4.31
2006-04-23, 4.20, 3.32, 2.17, 2.22, 2.38, 2.52, 2.17, 2.33, 1.51, 2.83, 4.08, 3.98, 2.34, 1.79, 2.58, 2.85, 2.52, 1.77, 2.24, 3.39, 2.00, 3.77, 3.15, 3.06
2006-04-24, 2.97, 1.71, 2.03, 2.43, 2.41, 2.66, 1.90, 2.88, 3.26, 3.47, 3.81, 3.09, 3.71, 3.75, 3.23, 3.99, 2.83, 2.72, 2.29, 2.67, 4.13, 2.20, 2.43, 3.39
2006-04-25, 1.79, 2.18, 2.43, 2.23, 2.92, 1.94, 2.48, 2.06, 4.45, 3.66, 3.88, 5.29, 2.20, 2.92, 4.35, 4.82, 3.08, 5.80, 3.15, 2.22, 2.75, 3.61, 4.82, 2.42
2006-04-26, 2.70, 2.44, 2.91, 2.87, 2.19, 2.37, 2.74, 3.03, 3.43, 3.93, 2.91, 2.37, 2.87, 3.99, 4.06, 4.14, 4.53, 4.01, 4.54, 3.91, 5.61, 5.07, 4.62, 4.40
2006-04-27, 2.48, 2.87, 2.68, 2.09, 3.56, 2.68, 2.33, 3.07, 4.06, 4.81, 3.46, 3.76, 2.62, 1.82, 3.05, 1.91, 2.31, 3.73, 5.12, 5.87, 4.41, 3.62, 3.85, 3.82
2006-04-28, 3.00, 2.26, 1.70, 2.58, 1.51, 2.60, 2.30, 2.49, 3.35, 4.82, 3.54, 3.58, 1.80, 3.17, 4.33, 2.64, 2.43, 2.57, 3.19, 3.02, 3.18, 2.56, 3.24, 3.67
2006-04-29, 3.60, 3.50, 2.20, 2.22, 2.88, 2.77, 2.69, 2.14, 2.09, 3.62, 3.69, 4.49, 4.43, 3.50, 3.52, 2.21, 2.01, 3.16, 3.30, 5.95, 4.31, 3.89, 3.34, 5.09
2006-04-30, 3.51, 3.30, 3.17, 3.11, 3.80, 3.31, 3.13, 2.51, 3.38, 3.26, 4.38, 4.17, 5.51, 7.20, 4.87, 4.72, 3.40, 3.86, 3.10, 6.78, 5.08, 4.48, 4.28, 3.68
2006-05-01, 3.74, 2.89, 3.47, 2.53, 3.92, 2.72, 2.27, 2.79, 2.04, 3.97, 2.57, 3.98, 3.76, 4.27, 4.06, 3.77, 3.91, 4.39, 3.50, 3.75, 4.95, 5.06, 4.00, 2.96
2006-05-02, 2.88, 2.19, 2.55, 3.39, 2.27, 2.94, 2.07, 2.89, 4.26, 2.39, 3.55, 3.59, 3.07, 2.41, 2.68, 3.48, 4.89, 3.50, 3.95, 5.03, 4.23, 4.65, 2.72, 3.08
2006-05-03, 1.87, 1.80, 2.29, 1.78, 3.10, 1.54, 2.41, 2.31, 3.17, 2.38, 2.29, 2.29, 2.27, 4.45, 1.40, 2.30, 3.31, 2.96, 4.21, 4.21, 3.82, 4.60, 4.28, 3.59
2006-05-04, 3.65, 4.37, 3.58, 3.69, 3.09, 2.12, 3.62, 2.59, 3.24, 4.00, 1.90, 2.06, 2.05, 2.51, 2.69, 2.40, 2.09, 2.38, 2.50, 2.79, 3.12, 3.35, 2.87, 4.30
2006-05-05, 3.75, 2.59, 2.35, 2.05, 1.80, 3.30, 1.54, 2.64, 4.59, 2.26, 2.12, 2.32, 2.76, 2.63, 2.48, 2.83, 3.13, 2.41, 2.84, 4.64, 4.50, 3.20, 3.93, 3.76
2006-05-06, 3.21, 3.64, 2.27, 1.84, 2.43, 1.80, 2.24, 2.91, 2.50, 2.31, 3.51, 1.93, 2.74, 3.94, 3.47, 3.43, 2.49, 2.61, 2.43, 3.22, 4.53, 3.96, 4.35, 4.99
2006-05-07, 4.70, 3.23, 3.12, 2.62, 1.87, 1.97, 2.05, 2.37, 2.24, 2.51, 3.22, 3.74, 3.20, 2.87, 2.25, 1.58, 1.66, 2.56, 1.87, 1.70, 2.68, 2.71, 2.31, 3.01
2006-05-08, 2.54, 1.64, 1.79, 2.24, 2.10, 2.18, 1.58, 2.24, 2.78, 2.18, 2.40, 3.62, 1.74, 2.23, 2.77, 2.04, 3.32, 2.97, 2.27, 2.37, 2.69, 2.85, 4.10, 5.03
2006-05-09, 4.36, 2.78, 2.90, 1.89, 2.57, 2.81, 2.10, 2.88, 2.92, 1.89, 2.63, 2.93, 3.51, 3.96, 2.45, 3.07, 4.62, 4.15, 2.98, 3.33, 3.58, 2.45, 3.60, 4.66
2006-05-10, 3.36, 1.90, 2.39, 2.19, 2.22, 2.67, 2.41, 1.99, 3.87, 3.57, 2.80, 1.90, 1.84, 2.44, 3.55, 2.35, 2.92, 3.65, 2.46, 3.49, 3.67, 3.68, 4.02, 3.25
2006-05-11, 2.58, 1.86, 2.37, 1.87, 2.45, 2.10, 2.09, 2.71, 3.07, 4.79, 2.48, 1.61, 2.25, 1.98, 1.71, 1.69, 2.14, 3.05, 1.31, 2.06, 2.51, 1.68, 2.02, 3.15
2006-05-12, 1.46, 1.38, 1.11, 2.16, 1.82, 1.18, 1.52, 2.10, 2.12, 4.18, 1.17, 1.19, 1.62, 1.81, 1.30, 2.41, 1.89, 1.28, 1.87, 1.74, 4.66, 2.06, 3.45, 3.74
2006-05-13, 1.87, 1.49, 1.56, 1.08, 2.39, 1.22, 0.89, 1.79, 1.05, 2.44, 3.24, 2.85, 4.63, 2.43, 2.31, 2.66, 1.80, 3.09, 2.19, 2.49, 5.15, 3.56, 5.72, 3.87
2006-05-14, 2.61, 3.25, 2.69, 1.60, 1.84, 1.06, 1.81, 1.88, 3.29, 2.74, 3.56, 2.55, 1.40, 2.53, 3.59, 4.55, 4.50, 3.29, 2.05, 3.05, 2.19, 3.06, 4.27, 2.58
2006-05-15, 1.94, 2.37, 1.51, 1.83, 1.66, 1.18, 2.65, 1.27, 2.57, 3.81, 3.16, 3.66, 3.44, 3.01, 3.74, 2.13, 2.82, 4.25, 2.92, 4.02, 2.79, 2.95, 5.27, 2.71
2006-05-16, 1.96, 2.63, 2.39, 1.92, 2.64, 1.52, 2.11, 2.78, 3.67, 3.64, 4.18, 1.97, 2.77, 3.03, 2.63, 3.62, 2.79, 2.03, 2.68, 3.36, 4.95, 6.41, 3.63, 3.27
2006-05-17, 3.78, 3.29, 3.13, 4.04, 3.24, 1.91, 2.57, 1.63, 3.93, 3.22, 1.73, 2.76, 1.88, 3.24, 2.22, 2.40, 2.37, 2.80, 3.20, 2.44, 4.09, 2.58, 3.23, 3.30
2006-05-18, 2.28, 1.79, 2.58, 2.21, 2.79, 2.12, 1.43, 3.00, 3.73, 4.41, 3.10, 2.09, 2.43, 2.79, 3.02, 3.88, 5.19, 5.43, 3.68, 3.38, 2.73, 3.44, 4.47, 2.60
2006-05-19, 2.40, 2.78, 3.42, 2.38, 3.09, 2.27, 2.23, 3.88, 4.76, 2.89, 5.09, 3.89, 5.03, 5.00, 5.53, 4.91, 4.64, 4.47, 4.70, 3.98, 4.97, 4.96, 4.81, 4.22
2006-05-20, 2.14, 2.63, 1.93, 2.65, 2.69, 1.75, 2.30, 2.07, 2.90, 3.93, 2.20, 3.42, 4.48, 2.91, 1.92, 3.08, 3.63, 1.85, 2.46, 2.02, 3.90, 3.98, 4.01, 3.30
2006-05-21, 3.30, 3.34, 2.06, 2.01, 2.60, 1.85, 2.41, 1.86, 2.30, 2.48, 3.69, 5.26, 3.25, 4.35, 3.30, 3.18, 2.72, 3.38, 3.95, 4.68, 2.80, 1.87, 3.56, 2.12
2006-05-22, 1.87, 2.60, 2.50, 1.89, 2.57, 1.64, 2.14, 3.15, 3.43, 2.56, 3.11, 1.97, 2.49, 3.08, 1.96, 4.04, 3.58, 2.38, 2.13, 3.20, 3.13, 2.07, 2.41, 3.65
2006-05-23, 3.24, 2.94, 2.55, 1.89, 1.75, 2.50, 2.39, 2.19, 3.07, 3.47, 4.17, 2.20, 1.82, 1.83, 3.37, 1.87, 3.95, 4.20, 3.82, 3.96, 4.94, 3.58, 3.33, 2.96
2006-05-24, 2.09, 1.82, 2.71, 2.39, 1.75, 1.87, 2.28, 3.12, 2.56, 2.55, 2.23, 2.34, 2.30, 1.85, 2.39, 3.19, 3.46, 4.90, 3.55, 5.00, 4.20, 3.79, 5.03, 5.01
2006-05-25, 3.14, 3.23, 2.56, 1.65, 2.43, 1.55, 1.71, 3.02, 1.49, 1.89, 2.22, 3.33, 4.91, 3.37, 2.93, 3.77, 3.29, 2.11, 3.33, 3.31, 3.02, 3.63, 4.15, 3.57
2006-05-26, 3.78, 2.54, 1.74, 2.19, 1.67, 1.49, 2.82, 1.83, 2.98, 4.68, 4.44, 3.44, 1.96, 3.71, 1.70, 3.41, 1.96, 3.67, 3.53, 3.15, 3.75, 2.85, 3.44, 3.49
2006-05-27, 1.62, 2.55, 1.64, 1.65, 2.93, 1.49, 2.23, 1.56, 1.45, 3.10, 1.59, 3.42, 4.29, 2.35, 3.32, 2.87, 5.00, 2.73, 1.84, 3.40, 3.35, 2.24, 2.55, 2.41
2006-05-28, 2.16, 1.95, 2.51, 2.30, 1.82, 2.25, 1.48, 2.03, 2.02, 2.35, 2.53, 2.38, 3.18, 3.95, 3.32, 3.27, 3.45, 2.78, 4.35, 3.24, 3.16, 3.84, 4.60, 4.30
2006-05-29, 3.11, 2.09, 1.80, 2.31, 1.50, 2.46, 2.25, 1.45, 2.89, 2.45, 2.17, 2.85, 2.65, 3.95, 1.78, 4.53, 2.10, 2.69, 3.70, 3.08, 4.27, 1.92, 1.94, 2.86
2006-05-30, 2.51, 2.10, 2.41, 1.76, 2.43, 2.60, 1.97, 3.11, 2.28, 4.07, 3.06, 2.78, 1.77, 1.74, 2.92, 2.37, 2.39, 2.84, 2.71, 4.07, 5.03, 4.95, 4.06, 3.71
2006-05-31, 3.27, 3.72, 3.26, 2.14, 2.33, 1.67, 1.79, 3.55, 1.64, 1.83, 2.02, 2.15, 1.33, 0.95, 2.31, 2.82, 1.58, 3.78, 4.35, 3.30, 1.89, 1.29, 2.34, 3.24
2006-06-01, 2.47, 2.10, 1.01, 1.26, 2.00, 1.56, 1.06, 2.25, 2.64, 3.03, 2.50, 1.75, 0.71, 1.01, 1.30, 2.51, 1.59, 1.36, 3.30, 2.86, 2.56, 3.46, 2.71, 2.58
2006-06-02, 2.75, 2.90, 2.93, 2.58, 1.28, 1.83, 1.02, 1.98, 4.29, 3.24, 2.28, 2.55, 2.34, 2.34, 2.28, 3.47, 3.01, 1.98, 2.48, 4.64, 3.04, 3.57, 3.98, 3.36
2006-06-03, 3.28, 3.13, 2.70, 2.35, 1.58, 1.56, 2.13, 2.11, 2.02, 1.75, 2.06, 2.73, 2.16, 1.55, 1.67, 1.82, 2.63, 3.18, 3.70, 3.91, 3.92, 5.29, 3.85, 3.69
2006-06-04, 3.02, 3.01, 3.05, 2.53, 1.47, 1.44, 1.58, 1.95, 2.28, 2.34, 2.63, 2.79, 2.98, 1.87, 1.75, 2.84, 2.84, 2.72, 3.70, 5.03, 3.28, 3.42, 3.46, 3.83
2006-06-05, 3.14, 2.18, 1.78, 2.21, 1.79, 2.20, 1.89, 1.97, 2.52, 3.80, 3.42, 3.69, 2.92, 2.96, 3.16, 3.07, 3.67, 3.06, 3.74, 2.86, 2.82, 3.24, 2.37, 3.30
2006-06-06, 2.14, 1.84, 1.48, 1.35, 2.50, 1.38, 1.17, 1.95, 3.29, 3.76, 2.88, 2.28, 1.82, 1.35, 1.54, 1.64, 1.27, 1.81, 1.67, 1.53, 2.37, 1.53, 2.29, 3.23
2006-06-07, 2.66, 2.30, 1.34, 1.52, 1.83, 1.83, 1.40, 2.53, 1.90, 1.47, 2.05, 2.79, 1.78, 4.48, 1.28, 1.33, 1.13, 1.93, 1.90, 1.30, 2.45, 2.82, 3.64, 2.62
2006-06-08, 2.81, 1.49, 2.00, 1.50, 1.34, 2.09, 1.95, 1.72, 2.12, 1.70, 1.68, 2.20, 1.43, 1.46, 1.96, 1.60, 3.81, 2.68, 3.50, 3.18, 3.70, 3.92, 3.56, 3.61
2006-06-09, 3.35, 3.17, 3.04, 3.07, 2.26, 1.55, 1.75, 2.05, 2.96, 2.15, 1.52, 2.48, 1.69, 1.75, 3.20, 1.72, 2.21, 2.24, 2.11, 2.61, 2.83, 3.76, 3.02, 3.65
2006-06-10, 3.14, 1.96, 1.96, 1.58, 2.08, 2.64, 1.56, 1.52, 1.64, 4.03, 3.26, 3.98, 3.94, 2.81, 2.75, 2.84, 2.98, 3.11, 2.90, 1.36, 2.42, 3.66, 2.10, 2.79
2006-06-11, 2.69, 2.22, 2.76, 2.48, 2.15, 2.15, 1.82, 2.38, 2.18, 2.32, 1.44, 2.36, 1.95, 2.76, 2.96, 2.56, 1.59, 1.58, 2.77, 2.50, 2.42, 3.40, 2.90, 3.10
2006-06-12, 3.24, 2.09, 1.67, 1.68, 1.44, 2.18, 1.55, 2.02, 3.20, 2.55, 1.27, 1.60, 3.19, 2.88, 2.25, 1.34, 3.03, 1.61, 1.10, 1.52, 1.70, 4.04, 1.97, 2.24
2006-06-13, 2.84, 2.09, 0.99, 1.04, 0.93, 1.92, 1.12, 1.29, 1.97, 1.77, 2.70, 0.76, 1.40, 1.80, 1.25, 1.28, 3.04, 2.20, 2.35, 2.33, 3.09, 1.29, 1.31, 2.26
2006-06-14, 2.86, 2.86, 1.27, 1.52, 1.31, 1.46, 1.03, 1.17, 2.64, 3.29, 2.23, 1.14, 0.89, 2.31, 1.68, 2.79, 1.36, 0.97, 1.71, 2.47, 3.77, 2.48, 3.09, 3.04
2006-06-15, 2.41, 2.48, 2.60, 2.18, 1.02, 1.06, 1.25, 2.11, 1.90, 2.70, 2.44, 1.38, 1.37, 1.33, 1.10, 1.80, 1.58, 4.29, 2.59, 3.31, 3.98, 3.50, 4.11, 3.29
2006-06-16, 2.80, 2.27, 1.67, 1.84, 1.28, 1.95, 1.28, 1.98, 3.05, 1.41, 1.39, 0.99, 2.26, 0.84, 0.84, 0.94, 0.76, 1.79, 2.30, 2.60, 2.02, 1.67, 1.44, 1.65
2006-06-17, 1.44, 3.07, 1.81, 0.80, 1.21, 1.14, 0.82, 1.36, 0.85, 1.30, 2.70, 3.13, 3.77, 2.11, 2.51, 3.06, 1.46, 1.38, 1.45, 2.23, 3.21, 3.62, 2.90, 2.71
2006-06-18, 1.93, 1.23, 1.71, 2.36, 1.66, 0.88, 0.77, 0.89, 2.36, 0.96, 2.40, 1.29, 1.35, 1.29, 1.79, 2.44, 2.39, 2.48, 2.02, 0.95, 1.53, 3.57, 2.48, 3.46
2006-06-19, 2.42, 2.55, 1.14, 0.97, 1.13, 1.12, 1.52, 0.90, 2.59, 3.92, 2.36, 2.64, 3.07, 4.39, 3.50, 3.01, 2.87, 2.30, 2.02, 3.05, 3.37, 4.32, 3.30, 3.35
2006-06-20, 3.42, 3.99, 2.69, 2.01, 1.91, 2.46, 1.74, 3.14, 1.87, 3.39, 1.89, 2.32, 2.29, 2.72, 4.01, 5.21, 4.37, 4.12, 2.87, 2.06, 2.96, 4.64, 4.09, 2.32
2006-06-21, 3.05, 3.39, 2.63, 2.11, 1.78, 2.09, 3.00, 1.90, 2.79, 2.25, 2.42, 2.38, 1.92, 2.53, 3.43, 2.18, 2.58, 2.48, 2.13, 2.03, 2.95, 2.89, 3.51, 3.43
2006-06-22, 3.23, 3.99, 1.91, 1.96, 2.52, 1.80, 2.56, 2.59, 2.80, 2.64, 2.80, 1.65, 2.81, 2.52, 2.01, 1.57, 3.91, 3.32, 3.63, 3.83, 3.22, 3.04, 2.48, 1.98
2006-06-23, 2.20, 2.78, 1.72, 1.83, 2.39, 1.59, 2.50, 2.35, 2.49, 2.13, 3.01, 2.70, 1.86, 3.90, 2.79, 3.91, 1.91, 4.49, 3.89, 3.18, 3.16, 3.31, 3.26, 2.15
2006-06-24, 2.57, 3.57, 2.21, 2.13, 2.27, 2.21, 2.55, 1.95, 1.97, 2.61, 1.85, 2.79, 3.43, 3.27, 1.96, 1.83, 1.80, 2.31, 2.87, 2.96, 2.33, 2.84, 2.39, 3.50
2006-06-25, 3.11, 1.76, 2.35, 1.87, 1.60, 2.17, 2.60, 1.57, 1.83, 3.63, 3.02, 3.08, 1.99, 2.02, 2.10, 1.70, 2.26, 1.82, 1.79, 2.49, 2.59, 2.04, 3.29, 2.84
2006-06-26, 2.92, 2.84, 2.83, 1.46, 1.94, 1.33, 1.34, 2.13, 1.74, 3.54, 2.89, 1.47, 3.27, 1.94, 1.71, 4.66, 3.00, 1.83, 2.20, 3.44, 2.95, 3.85, 3.58, 4.96
2006-06-27, 3.00, 1.75, 1.82, 2.43, 2.29, 1.67, 1.92, 2.82, 1.78, 1.81, 2.19, 3.23, 3.40, 3.67, 3.81, 2.09, 2.70, 2.48, 3.34, 3.35, 3.25, 2.21, 2.10, 2.96
2006-06-28, 3.44, 1.90, 1.85, 1.65, 3.10, 1.76, 1.58, 2.00, 3.46, 1.75, 2.39, 3.99, 3.39, 3.31, 3.26, 2.85, 1.75, 2.58, 1.75, 3.01, 2.20, 2.49, 3.11, 3.84
2006-06-29, 2.16, 1.69, 2.28, 1.87, 2.37, 2.17, 1.69, 2.48, 1.94, 2.41, 1.55, 2.74, 1.76, 0.76, 1.44, 0.90, 1.46, 3.10, 1.49, 2.15, 3.28, 3.55, 2.42, 2.47
2006-06-30, 2.97, 1.04, 0.93, 1.57, 0.82, 1.56, 0.75, 0.78, 1.72, 2.21, 1.55, 2.72, 2.43, 2.38, 2.34, 2.72, 2.01, 2.14, 2.41, 2.40, 2.14, 3.20, 2.53, 3.64
2006-07-01, 3.19, 2.50, 1.32, 0.76, 0.79, 0.65, 1.43, 2.15, 0.73, 0.52, 0.64, 0.76, 1.30, 1.18, 0.66, 0.73, 0.71, 0.98, 0.96, 0.71, 0.75, 0.71, 0.55, 0.73
2006-07-02, 1.67, 0.85, 0.65, 0.75, 1.36, 0.68, 0.59, 1.40, 0.83, 0.72, 0.63, 0.57, 0.70, 0.75, 0.87, 1.30, 0.59, 0.76, 0.70, 0.72, 0.74, 0.56, 0.99, 1.36
2006-07-03, 0.86, 0.77, 0.72, 0.80, 0.69, 0.75, 0.64, 1.46, 0.74, 0.75, 0.70, 0.60, 0.62, 0.73, 0.71, 1.53, 0.90, 0.66, 0.59, 0.66, 0.70, 0.74, 0.75, 1.18
2006-07-04, 1.23, 0.75, 0.81, 0.87, 0.77, 0.56, 0.59, 0.76, 1.60, 0.80, 0.67, 0.52, 0.72, 0.74, 0.68, 0.74, 1.03, 1.14, 0.71, 0.72, 0.70, 0.74, 0.71, 0.69
2006-07-05, 0.71, 1.78, 0.85, 0.87, 0.68, 0.58, 0.64, 0.68, 0.75, 1.14, 1.24, 0.59, 0.68, 0.68, 0.74, 0.72, 0.70, 0.75, 1.59, 0.73, 0.74, 0.66, 0.59, 0.74
2006-07-06, 0.81, 0.86, 1.52, 1.08, 0.70, 0.51, 0.69, 0.75, 0.67, 0.75, 0.74, 1.61, 0.59, 0.62, 0.74, 0.75, 0.68, 0.75, 0.72, 1.29, 1.11, 0.66, 0.59, 0.72
2006-07-07, 0.82, 0.87, 0.83, 0.85, 1.74, 0.53, 0.61, 0.72, 0.71, 0.74, 0.66, 0.74, 1.18, 1.16, 0.63, 0.52, 0.74, 0.72, 0.70, 0.74, 0.68, 1.62, 0.71, 0.80
2006-07-08, 0.88, 0.70, 0.71, 0.80, 0.76, 1.46, 0.91, 0.74, 0.53, 0.63, 0.76, 0.68, 0.75, 1.13, 1.23, 0.74, 0.64, 0.59, 0.59, 0.75, 0.73, 0.73, 1.87, 1.40
2006-07-09, 2.12, 1.49, 0.95, 1.47, 0.65, 0.94, 1.34, 0.77, 0.64, 0.64, 2.92, 2.86, 3.72, 2.75, 3.45, 2.92, 2.85, 3.34, 3.19, 1.97, 2.68, 2.93, 2.32, 2.92
2006-07-10, 1.84, 1.90, 3.01, 1.76, 1.74, 2.22, 1.62, 1.96, 2.38, 2.60, 4.29, 4.91, 2.09, 1.84, 1.64, 1.97, 1.57, 0.95, 1.13, 3.56, 2.02, 1.56, 2.33, 3.61
2006-07-11, 2.14, 1.29, 1.50, 2.30, 0.91, 1.10, 1.76, 1.13, 1.72, 1.22, 2.04, 3.70, 2.76, 3.56, 2.84, 2.80, 5.02, 3.51, 2.84, 3.58, 2.68, 2.06, 2.53, 1.77
2006-07-12, 1.94, 1.87, 1.22, 1.25, 1.45, 1.32, 1.78, 0.97, 1.69, 1.26, 1.30, 1.23, 2.86, 1.05, 0.99, 2.37, 2.15, 1.68, 3.39, 2.30, 2.68, 3.67, 3.22, 3.05
2006-07-13, 2.63, 2.49, 1.30, 1.23, 1.23, 1.92, 1.87, 1.05, 1.26, 1.31, 2.61, 2.56, 2.48, 1.57, 3.18, 1.23, 1.62, 1.43, 2.32, 2.33, 1.30, 2.74, 2.24, 3.39
2006-07-14, 2.27, 1.90, 1.22, 1.92, 1.44, 1.44, 1.10, 1.40, 1.49, 1.14, 2.96, 2.87, 2.61, 2.65, 2.51, 2.61, 1.56, 1.45, 2.18, 3.07, 3.26, 2.12, 1.16, 1.31
2006-07-15, 2.03, 2.45, 2.47, 2.01, 1.09, 0.95, 1.70, 1.62, 1.06, 1.09, 2.02, 3.04, 3.64, 1.62, 1.16, 1.68, 1.04, 0.98, 1.75, 1.28, 1.65, 1.87, 1.76, 1.70
2006-07-16, 2.59, 1.35, 1.22, 1.56, 1.24, 1.60, 1.13, 0.96, 1.21, 2.79, 2.85, 1.34, 1.21, 1.01, 1.03, 1.70, 1.58, 3.15, 2.86, 2.41, 1.85, 4.08, 1.86, 3.78
2006-07-17, 2.32, 1.41, 2.18, 1.31, 1.93, 1.95, 1.35, 1.18, 1.10, 1.07, 2.02, 0.80, 1.63, 2.25, 2.22, 1.90, 0.51, 0.56, 0.72, 0.76, 1.26, 0.52, 1.27, 0.76
2006-07-18, 0.70, 0.97, 1.05, 0.80, 0.58, 1.13, 0.70, 0.67, 1.44, 0.47, 0.69, 0.68, 0.61, 0.55, 0.59, 1.20, 1.13, 1.09, 0.55, 0.64, 0.72, 0.63, 0.56, 1.38
2006-07-19, 0.92, 0.79, 1.21, 0.64, 0.72, 0.69, 0.59, 0.75, 1.29, 0.91, 0.92, 0.55, 0.66, 0.70, 0.65, 1.10, 1.00, 1.21, 0.77, 0.69, 0.47, 0.62, 0.65, 0.78
2006-07-20, 1.63, 0.57, 1.38, 0.72, 0.73, 0.54, 0.57, 0.71, 1.21, 0.95, 0.58, 1.20, 0.77, 0.63, 0.55, 0.59, 0.66, 2.09, 2.15, 2.28, 1.81, 1.46, 2.19, 1.58
2006-07-21, 1.74, 0.63, 0.92, 1.22, 0.92, 1.05, 1.08, 0.86, 0.68, 1.08, 2.71, 2.17, 1.15, 2.02, 0.99, 0.78, 2.71, 3.33, 3.21, 2.54, 1.59, 1.51, 0.94, 1.84
2006-07-22, 0.99, 1.30, 1.50, 1.43, 1.73, 1.93, 0.74, 1.02, 0.80, 1.44, 1.69, 0.83, 1.65, 2.38, 2.18, 0.99, 0.96, 1.18, 2.23, 2.86, 2.41, 1.38, 1.08, 1.64
2006-07-23, 1.28, 1.40, 0.84, 1.02, 1.66, 1.45, 0.90, 0.96, 0.82, 1.43, 2.99, 3.17, 1.64, 1.02, 0.83, 0.78, 1.28, 1.95, 1.90, 2.89, 3.14, 2.30, 2.24, 4.36
2006-07-24, 2.49, 2.25, 1.45, 1.70, 0.92, 0.93, 1.58, 1.75, 0.91, 1.44, 1.88, 1.28, 3.12, 1.31, 1.44, 2.56, 2.67, 2.72, 1.30, 2.40, 2.99, 3.14, 2.46, 2.59
2006-07-25, 2.54, 1.70, 1.71, 0.97, 1.14, 1.06, 1.27, 2.08, 1.45, 1.20, 2.03, 0.97, 0.97, 2.16, 0.81, 0.94, 1.00, 0.97, 2.91, 3.98, 3.18, 3.03, 3.04, 2.42
2006-07-26, 1.44, 0.99, 0.90, 1.65, 1.37, 0.74, 0.73, 1.63, 1.33, 0.72, 1.52, 0.95, 0.56, 0.72, 0.73, 1.09, 1.72, 2.56, 2.20, 2.02, 1.99, 2.57, 2.78, 2.79
2006-07-27, 2.66, 1.65, 0.83, 0.88, 0.90, 1.47, 1.08, 1.08, 1.79, 1.82, 0.93, 0.86, 0.58, 1.42, 1.46, 0.91, 0.80, 1.49, 2.20, 3.21, 3.09, 2.44, 2.86, 2.05
2006-07-28, 1.15, 2.21, 0.86, 0.87, 0.70, 0.68, 1.16, 1.65, 1.29, 2.30, 1.48, 1.42, 0.65, 0.86, 0.82, 1.74, 1.95, 0.95, 1.72, 1.36, 2.61, 1.67, 2.51, 2.23
2006-07-29, 1.80, 0.89, 0.77, 0.85, 1.75, 0.86, 0.68, 0.69, 0.56, 1.84, 2.27, 1.96, 0.61, 0.73, 0.71, 0.65, 1.31, 2.37, 3.16, 4.02, 2.47, 1.37, 1.99, 1.86
2006-07-30, 1.46, 1.55, 0.89, 0.71, 1.43, 0.89, 1.20, 0.63, 0.55, 1.58, 2.99, 2.07, 1.72, 0.78, 0.79, 0.78, 1.23, 0.78, 1.46, 0.77, 0.78, 1.70, 4.10, 2.44
2006-07-31, 1.15, 1.74, 0.86, 1.31, 1.75, 0.66, 1.51, 0.52, 0.76, 2.27, 1.13, 1.69, 1.64, 1.78, 2.42, 1.79, 2.04, 1.21, 2.40, 2.22, 2.56, 2.47, 1.82, 2.63
2006-08-01, 1.26, 0.89, 1.59, 0.88, 1.02, 1.26, 1.23, 0.78, 1.51, 1.17, 1.19, 1.00, 1.46, 1.21, 1.31, 0.93, 0.94, 1.81, 2.00, 2.67, 1.61, 0.80, 3.24, 1.44
2006-08-02, 0.99, 1.01, 0.94, 1.61, 1.31, 0.86, 0.77, 0.71, 1.54, 0.92, 1.05, 1.26, 2.86, 1.43, 1.50, 0.81, 0.87, 1.78, 2.25, 0.98, 1.05, 1.99, 3.18, 2.55
2006-08-03, 1.38, 0.83, 0.73, 0.89, 1.32, 1.38, 0.87, 0.90, 1.27, 1.80, 2.70, 0.95, 1.17, 1.33, 1.47, 1.71, 1.14, 1.56, 2.19, 1.30, 1.08, 1.59, 1.14, 1.06
2006-08-04, 1.89, 1.20, 0.77, 0.82, 0.95, 0.57, 1.64, 1.15, 0.62, 1.64, 1.16, 0.98, 0.90, 1.61, 1.08, 1.51, 3.54, 2.55, 2.46, 2.56, 2.38, 2.25, 2.47, 2.41
2006-08-05, 3.09, 2.91, 2.47, 0.93, 0.90, 0.72, 1.24, 1.53, 0.76, 0.86, 1.73, 2.27, 2.71, 2.82, 1.37, 0.97, 0.76, 1.06, 1.92, 3.60, 1.31, 1.52, 1.41, 2.30
2006-08-06, 2.21, 2.70, 2.53, 1.67, 1.67, 1.43, 0.79, 0.61, 0.81, 1.77, 2.12, 2.14, 2.83, 2.95, 2.93, 2.08, 2.00, 2.23, 2.23, 2.13, 1.37, 1.84, 2.24, 0.96
2006-08-07, 1.32, 1.48, 0.69, 0.85, 0.91, 0.58, 0.55, 0.93, 1.30, 2.68, 2.17, 0.63, 0.67, 0.68, 2.49, 1.55, 2.78, 0.76, 0.73, 1.84, 0.95, 1.14, 2.25, 1.33
2006-08-08, 1.19, 0.82, 0.71, 1.47, 0.87, 0.70, 0.53, 1.71, 1.84, 0.59, 1.42, 0.84, 0.58, 1.16, 2.27, 0.73, 2.11, 2.81, 3.13, 1.54, 0.83, 0.86, 1.64, 2.27
2006-08-09, 1.27, 0.71, 0.78, 0.93, 1.66, 1.04, 0.68, 0.54, 2.70, 1.28, 0.58, 0.60, 1.32, 0.57, 0.64, 0.85, 2.70, 0.73, 1.17, 2.29, 1.55, 2.40, 1.51, 0.83
2006-08-10, 0.76, 1.37, 1.04, 1.42, 0.94, 0.71, 0.64, 1.07, 1.30, 1.81, 3.29, 0.91, 0.57, 1.40, 1.21, 0.92, 2.21, 2.81, 3.11, 3.32, 2.58, 1.55, 1.69, 0.98
2006-08-11, 1.84, 1.12, 0.74, 0.73, 0.91, 0.63, 1.95, 0.72, 0.64, 2.34, 0.78, 0.65, 1.18, 0.81, 2.10, 1.92, 1.64, 2.35, 0.97, 2.08, 3.40, 1.72, 2.28, 2.12
2006-08-12, 2.30, 1.64, 0.83, 0.97, 0.87, 1.33, 0.88, 1.32, 0.73, 1.39, 1.97, 2.20, 2.44, 2.49, 0.77, 1.02, 0.69, 1.39, 1.78, 4.13, 2.89, 2.16, 1.29, 1.15
2006-08-13, 2.58, 0.98, 0.89, 1.77, 0.71, 0.92, 1.27, 0.64, 1.67, 1.01, 0.96, 2.54, 1.76, 2.11, 1.45, 4.32, 1.19, 1.91, 1.51, 1.27, 3.79, 2.17, 2.85, 2.44
2006-08-14, 2.50, 1.85, 1.32, 1.39, 1.71, 1.93, 1.03, 1.21, 3.61, 2.39, 2.67, 1.37, 1.12, 1.16, 1.83, 2.12, 1.71, 3.48, 3.03, 3.48, 5.35, 2.92, 1.89, 3.32
2006-08-15, 1.77, 1.25, 1.23, 2.02, 1.43, 1.56, 1.30, 1.96, 1.65, 1.37, 2.71, 1.78, 1.40, 2.88, 4.87, 2.26, 2.07, 1.76, 1.95, 3.09, 3.47, 2.56, 3.04, 2.75
2006-08-16, 1.46, 0.84, 1.25, 1.00, 0.67, 1.30, 1.66, 0.83, 2.20, 1.21, 1.98, 1.25, 0.72, 0.90, 1.02, 2.66, 2.51, 3.60, 3.17, 3.19, 3.85, 3.31, 1.61, 1.09
2006-08-17, 1.21, 1.92, 0.93, 0.90, 1.37, 0.85, 1.12, 1.84, 0.81, 3.44, 1.48, 1.97, 3.31, 1.91, 2.36, 1.91, 2.38, 2.14, 2.75, 3.41, 2.41, 2.36, 2.39, 3.22
2006-08-18, 2.37, 2.15, 0.86, 1.45, 0.93, 0.73, 1.08, 1.91, 0.83, 1.03, 3.22, 2.79, 2.60, 0.95, 1.07, 2.52, 1.58, 2.19, 1.09, 3.03, 1.48, 1.14, 1.31, 1.58
2006-08-19, 1.61, 0.96, 0.88, 1.27, 1.50, 1.39, 0.72, 1.48, 0.89, 0.98, 3.31, 2.59, 2.16, 0.82, 0.93, 0.76, 2.10, 3.49, 3.90, 3.61, 3.09, 2.01, 1.78, 1.91
2006-08-20, 2.51, 2.10, 1.35, 1.34, 1.57, 2.82, 2.16, 1.28, 1.30, 2.32, 1.85, 3.37, 2.52, 1.27, 2.10, 0.70, 1.39, 0.80, 1.63, 1.00, 1.56, 3.24, 3.33, 1.28
2006-08-21, 0.89, 1.57, 0.83, 0.90, 0.85, 1.44, 1.63, 1.09, 3.24, 2.49, 1.90, 2.00, 1.15, 1.21, 3.34, 1.53, 4.46, 1.81, 4.04, 2.81, 2.90, 4.23, 2.58, 2.29
2006-08-22, 2.80, 2.70, 2.42, 1.76, 1.79, 1.66, 2.36, 2.65, 3.28, 2.31, 1.65, 1.75, 1.60, 2.73, 2.17, 3.37, 1.78, 4.28, 5.33, 4.62, 3.53, 2.81, 2.75, 2.76
2006-08-23, 1.39, 1.52, 2.09, 1.40, 1.68, 2.02, 1.74, 1.45, 2.89, 3.93, 3.14, 2.59, 1.54, 1.85, 2.83, 2.46, 1.48, 4.51, 1.83, 2.32, 4.71, 2.66, 2.72, 2.56
2006-08-24, 1.78, 2.04, 1.52, 1.69, 2.57, 1.73, 1.34, 2.16, 3.78, 3.03, 1.32, 1.39, 1.48, 3.25, 1.71, 3.05, 2.73, 3.33, 1.72, 2.24, 3.27, 3.00, 3.97, 3.00
2006-08-25, 2.79, 1.51, 2.30, 1.58, 1.54, 2.38, 2.10, 1.61, 3.55, 1.84, 2.18, 1.56, 2.46, 1.68, 1.35, 1.53, 2.31, 2.41, 2.03, 1.81, 3.23, 3.81, 3.21, 1.47
2006-08-26, 1.37, 1.35, 2.53, 1.49, 1.22, 1.44, 1.81, 1.33, 2.23, 1.48, 2.78, 3.26, 2.69, 2.00, 1.84, 3.50, 3.57, 2.26, 2.67, 1.76, 1.52, 3.44, 2.02, 2.15
2006-08-27, 1.26, 1.35, 1.72, 2.13, 1.28, 1.23, 1.41, 1.55, 1.06, 2.50, 4.90, 4.04, 1.92, 1.92, 2.25, 1.85, 2.38, 3.25, 3.16, 2.64, 1.69, 2.17, 2.13, 2.98
2006-08-28, 2.07, 1.26, 1.34, 1.60, 1.66, 2.07, 1.20, 1.33, 3.47, 2.62, 1.35, 1.37, 1.82, 1.70, 2.34, 1.70, 2.44, 1.83, 3.15, 3.23, 4.81, 3.59, 2.97, 2.66
2006-08-29, 3.06, 1.18, 1.29, 2.05, 1.28, 1.91, 1.94, 1.63, 2.51, 1.95, 1.31, 1.13, 1.89, 1.65, 1.44, 1.61, 1.90, 2.63, 3.58, 3.01, 3.05, 3.64, 2.79, 2.99
2006-08-30, 1.55, 1.95, 1.45, 1.34, 2.81, 1.42, 1.18, 2.92, 2.22, 1.19, 2.68, 2.33, 1.19, 1.40, 2.10, 2.29, 0.88, 1.75, 2.35, 2.46, 2.43, 2.58, 2.64, 2.47
2006-08-31, 2.39, 1.07, 0.92, 1.12, 1.54, 1.62, 1.00, 2.08, 2.11, 1.56, 1.53, 0.83, 0.76, 0.90, 1.82, 1.21, 1.95, 1.99, 2.47, 2.70, 2.32, 3.54, 2.57, 3.72
2006-09-01, 2.56, 1.61, 1.21, 1.53, 1.04, 1.68, 1.58, 1.25, 2.43, 2.63, 2.16, 1.34, 1.40, 1.26, 2.98, 2.13, 2.11, 3.28, 3.98, 3.86, 3.71, 4.80, 2.64, 2.00
2006-09-02, 2.54, 1.86, 1.50, 1.33, 2.18, 1.52, 1.87, 1.93, 1.89, 2.26, 2.33, 3.67, 2.02, 1.64, 3.48, 1.61, 1.43, 2.32, 1.67, 5.04, 2.37, 1.96, 2.01, 1.80
2006-09-03, 2.98, 1.55, 1.58, 2.13, 1.69, 1.61, 2.20, 2.19, 1.34, 1.95, 3.24, 1.95, 2.19, 0.73, 1.47, 0.81, 0.71, 1.47, 0.88, 3.16, 4.26, 1.67, 3.66, 1.76
2006-09-04, 0.96, 1.57, 1.59, 0.98, 0.89, 1.75, 1.08, 1.42, 3.20, 2.21, 1.46, 1.06, 1.44, 2.21, 2.21, 1.97, 3.44, 2.76, 2.11, 2.88, 2.95, 3.06, 2.09, 2.28
2006-09-05, 1.08, 0.97, 2.05, 1.36, 1.07, 1.67, 0.92, 1.63, 2.95, 2.44, 0.84, 1.37, 1.71, 1.36, 1.04, 2.39, 3.99, 1.70, 3.90, 3.01, 2.84, 3.37, 2.48, 2.41
2006-09-06, 1.65, 0.98, 1.76, 0.96, 1.25, 1.84, 1.22, 1.33, 2.83, 2.16, 1.02, 1.43, 2.21, 0.93, 1.11, 1.85, 2.48, 2.85, 2.62, 3.20, 4.23, 3.15, 1.38, 1.69
2006-09-07, 1.74, 0.97, 1.84, 1.00, 1.42, 2.10, 1.11, 3.14, 2.18, 1.68, 1.60, 1.47, 1.04, 1.88, 2.18, 1.43, 1.12, 3.03, 4.05, 2.36, 2.42, 2.17, 2.32, 2.67
2006-09-08, 2.93, 1.96, 1.11, 1.71, 1.21, 1.04, 2.47, 1.76, 2.42, 3.28, 2.72, 4.21, 2.66, 2.14, 2.25, 1.72, 1.71, 2.05, 1.27, 2.02, 3.01, 2.50, 2.95, 3.64
2006-09-09, 2.53, 1.47, 1.41, 1.44, 1.04, 1.75, 1.75, 0.90, 2.30, 3.46, 2.60, 2.15, 1.24, 1.06, 0.95, 1.39, 2.03, 1.04, 1.03, 1.41, 4.79, 3.93, 2.47, 3.01
2006-09-10, 3.21, 1.26, 1.07, 1.56, 1.42, 1.88, 1.24, 1.54, 1.34, 2.84, 2.01, 2.04, 3.33, 3.06, 1.51, 2.32, 2.80, 2.10, 0.83, 2.05, 2.14, 1.85, 2.53, 2.64
2006-09-11, 1.04, 1.05, 1.61, 0.90, 1.68, 1.68, 0.87, 1.76, 1.79, 1.74, 0.84, 1.53, 0.85, 0.95, 2.35, 0.80, 2.23, 1.96, 3.15, 3.06, 3.94, 2.68, 2.80, 1.14
2006-09-12, 1.04, 0.93, 1.21, 2.12, 1.02, 0.99, 0.92, 2.16, 2.07, 1.16, 1.60, 0.90, 1.85, 2.84, 3.73, 1.69, 1.97, 4.06, 2.81, 2.86, 3.22, 3.15, 3.37, 1.97
2006-09-13, 1.03, 2.32, 1.08, 1.01, 1.94, 1.32, 1.09, 1.63, 3.30, 1.08, 1.47, 1.60, 2.21, 1.87, 1.06, 1.79, 3.02, 2.26, 2.59, 2.88, 2.56, 2.47, 2.06, 1.34
2006-09-14, 0.98, 1.50, 0.96, 1.28, 1.14, 1.65, 0.84, 1.80, 3.04, 2.03, 1.05, 1.57, 1.43, 2.44, 1.41, 1.83, 1.42, 2.94, 3.01, 3.03, 3.44, 2.06, 2.59, 3.55
2006-09-15, 1.77, 1.08, 0.88, 1.02, 2.26, 0.97, 0.91, 1.74, 3.95, 2.49, 2.50, 2.39, 1.61, 1.24, 1.50, 2.05, 2.86, 1.79, 1.63, 1.58, 3.40, 1.60, 1.55, 2.66
2006-09-16, 2.06, 1.96, 1.22, 1.46, 2.22, 1.21, 1.00, 1.48, 1.59, 2.78, 1.97, 2.24, 1.00, 0.88, 1.70, 0.91, 1.57, 1.45, 1.06, 1.34, 2.65, 2.07, 1.76, 1.68
2006-09-17, 1.58, 0.81, 0.93, 1.51, 0.90, 1.28, 1.60, 1.04, 0.73, 2.39, 3.72, 4.33, 3.44, 2.59, 1.75, 2.74, 4.14, 2.68, 4.27, 4.17, 2.41, 2.48, 2.37, 2.22
2006-09-18, 1.50, 1.47, 2.29, 1.87, 1.79, 2.04, 1.56, 2.26, 3.37, 3.52, 2.89, 4.49, 3.46, 3.11, 4.16, 3.47, 1.76, 2.76, 3.51, 4.34, 3.93, 5.09, 4.18, 3.47
2006-09-19, 1.91, 1.66, 1.65, 2.23, 2.37, 1.70, 1.69, 3.01, 2.38, 1.81, 2.27, 1.65, 2.36, 1.90, 2.44, 2.64, 3.31, 1.84, 2.54, 3.47, 3.20, 2.42, 3.29, 1.18
2006-09-20, 1.76, 1.36, 1.84, 1.27, 1.17, 1.99, 1.92, 1.57, 2.73, 1.06, 1.77, 3.17, 3.76, 1.88, 2.31, 1.55, 3.80, 2.34, 2.25, 3.85, 3.11, 3.34, 4.23, 1.86
2006-09-21, 1.44, 1.72, 1.84, 1.64, 1.96, 2.02, 1.46, 2.14, 3.26, 1.87, 1.77, 1.87, 2.75, 3.01, 3.29, 2.05, 3.11, 4.38, 3.27, 3.64, 4.29, 3.82, 3.81, 2.88
2006-09-22, 2.57, 2.02, 1.87, 2.08, 3.14, 1.88, 1.93, 3.20, 1.62, 0.91, 2.08, 1.40, 0.96, 0.97, 2.42, 2.11, 2.14, 1.71, 3.39, 1.89, 2.85, 3.50, 3.69, 4.37
2006-09-23, 1.54, 2.20, 2.12, 1.48, 1.55, 1.66, 2.24, 1.62, 1.58, 2.25, 2.90, 1.71, 3.47, 3.23, 2.96, 2.85, 3.44, 3.49, 3.50, 3.40, 3.51, 3.87, 2.86, 1.73
2006-09-24, 1.42, 1.42, 1.90, 1.91, 1.10, 1.28, 1.30, 1.69, 1.98, 1.73, 2.76, 1.69, 1.20, 1.04, 1.12, 2.03, 3.02, 2.23, 1.46, 2.42, 4.30, 2.66, 1.95, 2.50
2006-09-25, 2.72, 3.01, 1.28, 1.27, 1.22, 1.35, 2.50, 1.43, 2.55, 3.92, 1.58, 1.45, 2.64, 1.22, 1.87, 1.19, 2.55, 2.32, 1.52, 3.92, 4.31, 3.11, 2.99, 2.89
2006-09-26, 2.60, 3.22, 1.47, 1.20, 1.51, 1.76, 1.29, 2.32, 4.13, 3.04, 1.15, 1.23, 2.74, 1.62, 1.33, 2.34, 1.01, 2.49, 2.10, 2.87, 2.69, 1.59, 2.28, 3.11
2006-09-27, 1.87, 1.01, 1.72, 1.08, 2.18, 1.39, 0.96, 2.90, 3.66, 2.78, 1.97, 1.05, 1.97, 2.83, 1.30, 2.76, 1.81, 3.15, 2.44, 3.31, 3.75, 3.58, 3.22, 2.33
2006-09-28, 1.41, 1.91, 1.60, 1.44, 2.11, 1.43, 2.20, 1.65, 2.70, 3.26, 2.48, 1.52, 1.23, 1.52, 1.47, 3.34, 3.39, 2.61, 2.47, 3.38, 3.78, 4.32, 3.73, 3.33
2006-09-29, 3.08, 3.16, 3.22, 1.87, 1.75, 1.78, 2.49, 1.94, 3.31, 2.46, 1.68, 2.13, 2.47, 1.35, 1.26, 2.17, 2.49, 2.83, 3.09, 3.44, 3.70, 2.90, 1.90, 2.96
2006-09-30, 3.09, 1.56, 1.28, 1.36, 1.42, 2.47, 1.24, 1.33, 1.55, 3.77, 3.30, 2.54, 2.73, 3.36, 1.55, 3.44, 2.72, 1.37, 0.86, 1.50, 0.94, 1.54, 1.55, 1.36
2006-10-01, 2.30, 2.18, 2.80, 0.85, 0.81, 1.36, 1.16, 1.45, 1.42, 0.83, 1.28, 3.19, 2.96, 1.90, 3.41, 3.67, 1.23, 1.15, 3.03, 1.90, 4.37, 4.51, 1.88, 1.24
2006-10-02, 1.70, 1.16, 1.70, 1.45, 0.96, 1.75, 0.97, 1.92, 3.23, 2.17, 3.05, 3.05, 1.95, 1.02, 1.92, 2.25, 3.65, 2.62, 2.54, 3.56, 5.99, 3.54, 3.25, 2.49
2006-10-03, 2.89, 1.06, 0.93, 1.54, 1.36, 1.52, 1.79, 0.91, 2.05, 2.63, 0.83, 1.35, 0.95, 0.87, 2.14, 0.73, 1.57, 2.84, 2.20, 2.40, 4.00, 4.05, 3.02, 2.49
2006-10-04, 2.97, 2.11, 1.02, 1.75, 1.12, 0.97, 2.57, 1.04, 2.34, 2.15, 2.17, 2.11, 1.96, 1.17, 2.79, 3.75, 3.30, 3.23, 2.79, 2.99, 2.18, 1.72, 1.78, 1.93
2006-10-05, 1.00, 1.40, 1.54, 1.84, 1.60, 1.23, 1.13, 1.85, 2.48, 3.03, 2.29, 1.03, 2.62, 2.16, 1.25, 1.69, 1.29, 1.26, 3.21, 3.10, 3.56, 3.15, 4.60, 4.74
2006-10-06, 3.50, 2.56, 3.33, 2.44, 1.57, 1.77, 1.13, 2.10, 1.38, 3.93, 2.27, 2.96, 3.16, 3.21, 3.43, 2.16, 3.29, 3.20, 4.41, 3.63, 1.85, 2.07, 2.33, 2.26
2006-10-07, 2.10, 1.30, 1.18, 1.72, 1.74, 1.40, 1.48, 1.07, 1.74, 3.32, 4.54, 4.50, 3.12, 4.12, 3.51, 4.30, 3.80, 2.52, 3.89, 5.96, 4.78, 4.33, 4.11, 4.23
2006-10-08, 4.12, 3.50, 2.80, 3.57, 3.06, 2.71, 2.85, 2.67, 3.41, 4.07, 3.02, 4.46, 3.51, 2.25, 4.01, 4.13, 3.32, 2.20, 3.92, 5.70, 5.71, 4.00, 4.51, 3.89