2006-01-01, 3.02, 3.40, 5.64, 3.55, 2.77, 2.85, 4.19, 2.48, 2.89, 2.57, 3.19, 4.90, 9.26, 7.51, 6.62, 3.06, 2.92, 4.31, 5.55, 5.81, 5.77, 4.03, 3.16, 3.94
2006-01-02, 2.97, 2.64, 2.61, 2.60, 2.79, 4.35, 2.82, 2.77, 6.85, 6.35, 6.41, 6.10, 5.88, 4.65, 3.21, 3.45, 3.47, 4.20, 7.41, 5.35, 3.88, 3.80, 5.19, 3.42
2006-01-03, 3.35, 3.54, 3.20, 4.23, 4.67, 3.35, 3.57, 4.27, 6.50, 3.52, 3.30, 3.25, 4.40, 3.52, 3.08, 3.36, 3.36, 3.90, 6.66, 3.42, 3.35, 3.15, 5.55, 3.58
2006-01-04, 5.61, 4.71, 4.42, 4.79, 3.78, 3.88, 3.96, 4.14, 8.72, 6.30, 6.61, 4.93, 4.02, 4.05, 4.21, 4.20, 6.24, 4.86, 4.77, 5.70, 4.11, 5.01, 6.56, 6.40
2006-01-05, 4.03, 3.81, 4.14, 4.09, 5.51, 3.93, 4.31, 4.20, 7.33, 6.69, 6.84, 4.49, 4.33, 4.36, 4.36, 5.86, 5.25, 6.58, 6.86, 7.07, 4.78, 5.17, 7.33, 5.68
2006-01-06, 3.85, 3.61, 4.02, 4.63, 3.45, 3.78, 3.50, 6.75, 5.09, 3.96, 3.90, 5.50, 4.12, 3.93, 4.19, 4.69, 5.30, 4.82, 3.62, 3.92, 4.08, 6.36, 9.10, 4.29
2006-01-07, 4.23, 4.17, 5.38, 3.71, 3.95, 3.75, 4.12, 3.97, 5.46, 3.76, 5.46, 7.37, 7.74, 6.53, 5.31, 3.81, 3.82, 3.72, 4.92, 8.54, 6.55, 4.55, 4.30, 5.76
2006-01-08, 4.58, 3.61, 3.80, 4.99, 3.78, 3.47, 3.82, 3.55, 4.23, 6.48, 8.78, 8.32, 7.92, 6.70, 4.92, 3.57, 3.93, 4.09, 6.21, 6.29, 4.41, 5.66, 4.74, 3.93
2006-01-09, 3.10, 3.35, 3.84, 4.34, 3.51, 3.50, 3.98, 6.67, 6.28, 5.71, 3.40, 3.10, 3.35, 2.98, 4.55, 3.94, 4.35, 7.56, 7.07, 4.53, 5.90, 6.45, 3.75, 2.72
2006-01-10, 4.36, 2.78, 2.86, 2.78, 2.88, 3.34, 3.94, 5.68, 4.06, 3.53, 3.62, 4.66, 3.83, 3.47, 3.62, 3.85, 5.06, 5.46, 3.01, 3.24, 3.87, 7.35, 3.93, 2.57
2006-01-11, 2.90, 3.17, 3.39, 2.60, 2.83, 2.70, 4.30, 6.17, 5.57, 5.47, 2.95, 3.06, 2.78, 3.15, 4.60, 3.37, 4.32, 4.16, 8.73, 7.10, 8.66, 6.33, 5.47, 3.72
2006-01-12, 3.21, 2.86, 2.62, 3.09, 4.53, 3.04, 3.06, 6.06, 5.97, 5.61, 3.03, 3.33, 3.48, 3.26, 4.89, 3.24, 5.03, 4.63, 6.27, 3.35, 3.35, 6.21, 5.72, 3.31
2006-01-13, 2.65, 2.38, 2.67, 3.81, 2.87, 2.63, 5.31, 6.52, 5.92, 2.90, 3.03, 2.83, 3.02, 4.56, 3.22, 3.23, 3.98, 5.74, 2.87, 3.01, 3.01, 4.68, 3.93, 3.18
2006-01-14, 3.45, 2.87, 2.74, 4.16, 2.68, 2.67, 2.60, 2.50, 3.64, 7.58, 8.68, 6.72, 7.31, 4.50, 5.18, 6.49, 4.95, 4.34, 4.26, 3.85, 2.97, 4.57, 2.70, 2.98
2006-01-15, 2.59, 2.75, 2.83, 4.08, 2.56, 2.84, 2.12, 2.63, 2.56, 7.06, 6.41, 2.63, 2.73, 3.70, 3.01, 2.36, 2.55, 2.81, 2.58, 4.78, 4.91, 9.37, 5.65, 3.20
2006-01-16, 2.61, 2.79, 2.83, 4.36, 2.90, 2.56, 4.02, 6.20, 6.02, 5.43, 2.99, 2.69, 3.25, 2.79, 4.51, 4.60, 3.97, 4.68, 5.13, 4.08, 3.82, 5.71, 4.57, 3.22
2006-01-17, 2.80, 2.55, 3.09, 4.37, 2.53, 2.99, 2.96, 6.37, 6.08, 3.35, 3.32, 3.40, 3.10, 4.74, 3.79, 3.36, 4.25, 6.97, 4.01, 2.65, 3.74, 5.29, 3.31, 2.69
2006-01-18, 2.61, 3.02, 3.50, 3.90, 2.48, 2.96, 3.00, 6.85, 5.52, 5.71, 3.96, 2.97, 3.37, 3.18, 3.29, 4.82, 4.92, 4.51, 5.57, 5.62, 3.72, 6.24, 5.65, 5.82
2006-01-19, 3.45, 2.69, 2.65, 2.68, 2.65, 4.24, 3.53, 5.79, 4.70, 3.67, 3.66, 4.16, 4.75, 3.98, 4.08, 4.10, 3.52, 5.30, 3.62, 3.55, 3.70, 3.69, 5.90, 5.53
2006-01-20, 3.25, 3.29, 3.31, 3.14, 3.28, 5.11, 4.71, 7.46, 6.27, 5.42, 3.52, 3.65, 3.58, 3.50, 5.43, 4.02, 5.67, 6.40, 7.01, 4.35, 6.58, 4.05, 3.17, 3.56
2006-01-21, 4.45, 2.94, 3.04, 2.80, 2.96, 4.32, 3.24, 2.92, 5.00, 7.72, 6.07, 5.11, 3.06, 3.16, 6.15, 5.68, 7.14, 7.13, 7.08, 5.18, 4.52, 5.35, 6.66, 4.91
2006-01-22, 4.39, 5.67, 3.95, 4.15, 4.30, 4.85, 4.36, 3.61, 3.73, 7.21, 7.45, 4.05, 3.40, 3.03, 4.61, 3.15, 3.15, 5.63, 6.13, 8.04, 5.20, 5.63, 4.09, 3.85
2006-01-23, 5.17, 3.74, 3.78, 3.56, 3.88, 4.12, 5.34, 4.15, 5.50, 3.95, 3.77, 3.82, 3.67, 5.23, 3.98, 4.58, 4.50, 4.96, 6.45, 4.54, 6.10, 4.68, 5.35, 4.08
2006-01-24, 3.60, 3.69, 3.52, 4.73, 3.73, 3.41, 3.95, 6.68, 5.51, 5.20, 3.15, 3.36, 3.03, 3.39, 4.62, 3.89, 5.67, 6.73, 3.08, 3.08, 3.20, 7.03, 3.57, 3.11
2006-01-25, 2.58, 2.89, 4.00, 3.47, 2.84, 3.26, 5.39, 5.51, 3.15, 3.84, 4.07, 3.53, 3.00, 3.28, 3.12, 5.00, 4.67, 8.62, 7.11, 4.10, 5.37, 5.27, 3.59, 3.37
2006-01-26, 2.99, 3.32, 4.50, 3.29, 2.87, 3.21, 4.09, 7.02, 6.18, 5.61, 3.68, 3.49, 3.65, 3.47, 4.95, 3.62, 4.26, 5.04, 3.28, 2.77, 4.15, 6.97, 5.82, 3.18
2006-01-27, 3.01, 2.98, 3.70, 3.98, 2.97, 3.08, 6.07, 7.18, 5.83, 5.28, 3.46, 3.51, 3.71, 3.68, 5.23, 3.76, 4.47, 5.49, 4.22, 6.05, 5.08, 4.34, 5.11, 4.54
2006-01-28, 3.39, 3.07, 3.34, 3.08, 3.37, 4.96, 3.22, 4.76, 6.45, 7.11, 6.86, 5.42, 4.63, 4.53, 4.75, 6.19, 8.52, 6.72, 6.00, 4.89, 4.00, 5.87, 3.68, 2.85
2006-01-29, 2.75, 3.25, 2.03, 2.24, 1.95, 2.76, 3.21, 2.28, 3.27, 6.59, 7.70, 8.01, 8.73, 4.02, 3.06, 2.94, 4.40, 3.09, 2.93, 3.32, 4.08, 5.61, 5.77, 4.36
2006-01-30, 4.40, 4.29, 4.06, 5.34, 4.84, 3.84, 4.59, 6.95, 7.17, 5.12, 4.19, 4.23, 5.45, 4.55, 4.18, 4.37, 4.28, 5.61, 5.05, 4.41, 5.28, 5.93, 4.46, 3.79
2006-01-31, 3.83, 5.22, 3.91, 3.70, 3.71, 4.04, 8.20, 3.68, 2.92, 2.93, 4.22, 2.82, 2.67, 2.74, 3.16, 2.75, 5.48, 2.93, 3.08, 3.07, 5.25, 5.97, 4.77, 4.52
2006-02-01, 3.19, 3.44, 3.57, 4.71, 3.45, 3.37, 3.60, 7.20, 4.51, 3.62, 3.67, 3.48, 5.23, 3.40, 3.80, 4.13, 4.30, 6.14, 4.12, 4.04, 4.12, 4.80, 4.51, 3.40
2006-02-02, 3.06, 4.22, 3.51, 3.02, 3.24, 3.26, 6.27, 4.80, 4.47, 4.94, 5.25, 4.38, 3.90, 3.49, 3.91, 5.92, 6.45, 6.21, 2.58, 2.34, 5.14, 9.88, 8.07, 6.60
2006-02-03, 5.66, 4.12, 4.02, 4.11, 3.87, 4.52, 6.75, 4.49, 3.78, 3.61, 5.07, 3.73, 3.54, 3.72, 3.74, 4.95, 5.78, 4.41, 5.18, 5.07, 5.24, 5.51, 3.91, 2.96
2006-02-04, 2.33, 2.91, 4.48, 3.65, 3.38, 3.38, 3.34, 3.31, 6.58, 6.48, 6.36, 6.18, 3.66, 3.38, 3.70, 4.58, 7.50, 5.16, 6.00, 6.53, 5.15, 4.89, 4.32, 5.60
2006-02-05, 3.31, 3.21, 3.22, 4.16, 3.27, 2.93, 3.11, 3.49, 5.37, 5.07, 6.00, 7.33, 6.57, 5.93, 3.39, 3.42, 4.68, 4.70, 5.58, 9.52, 8.60, 6.71, 7.57, 4.82
2006-02-06, 2.97, 3.25, 2.97, 3.12, 3.99, 3.72, 3.57, 4.68, 5.16, 3.91, 3.83, 3.64, 4.99, 3.69, 3.79, 3.80, 4.03, 6.97, 4.86, 3.77, 6.03, 4.43, 3.53, 3.51
2006-02-07, 4.62, 3.57, 3.59, 3.74, 3.60, 3.62, 7.37, 7.83, 5.02, 3.53, 3.13, 3.50, 4.00, 4.13, 3.40, 4.19, 3.77, 3.37, 5.01, 3.12, 5.11, 5.45, 5.31, 3.29
2006-02-08, 3.18, 3.06, 4.29, 3.14, 2.67, 3.07, 4.75, 4.36, 2.46, 2.46, 3.63, 3.95, 3.16, 3.59, 3.27, 3.75, 7.30, 5.50, 5.61, 4.71, 3.97, 4.16, 4.36, 2.89
2006-02-09, 2.82, 2.56, 2.94, 4.65, 3.00, 3.23, 3.32, 6.33, 5.63, 5.01, 3.20, 3.29, 3.38, 3.26, 4.91, 3.65, 6.15, 6.96, 3.01, 3.07, 3.14, 6.18, 6.40, 5.83
2006-02-10, 5.58, 3.14, 3.09, 2.63, 3.12, 2.64, 5.81, 4.47, 3.15, 3.54, 4.00, 3.28, 3.05, 3.21, 3.13, 5.18, 4.19, 3.78, 3.73, 2.18, 3.57, 5.59, 5.16, 3.34
2006-02-11, 4.54, 3.14, 3.38, 3.20, 3.39, 4.63, 3.28, 3.14, 6.80, 8.65, 7.10, 6.23, 5.89, 5.90, 4.96, 3.22, 2.96, 4.02, 5.36, 6.01, 3.86, 4.84, 4.49, 4.82
2006-02-12, 2.87, 3.00, 2.81, 3.18, 3.02, 4.97, 3.40, 3.50, 7.92, 6.30, 5.31, 4.21, 3.56, 3.18, 2.86, 3.08, 3.92, 6.32, 8.71, 6.58, 6.43, 7.26, 5.11, 3.25
2006-02-13, 3.18, 2.95, 3.11, 4.80, 2.96, 3.35, 3.46, 5.94, 3.52, 3.61, 3.68, 4.02, 4.60, 3.49, 3.77, 4.55, 6.82, 5.33, 3.75, 4.33, 4.83, 3.98, 3.42, 3.39
2006-02-14, 4.32, 2.85, 3.14, 2.93, 2.91, 4.30, 3.49, 5.10, 4.46, 3.35, 3.21, 3.15, 4.77, 3.08, 3.77, 3.43, 4.51, 7.48, 8.14, 5.78, 8.04, 6.60, 4.37, 3.07
2006-02-15, 2.68, 2.73, 4.43, 2.64, 3.04, 2.64, 4.63, 6.11, 6.03, 4.56, 3.10, 3.38, 3.02, 3.51, 4.87, 4.27, 4.70, 5.63, 6.26, 3.43, 4.36, 5.60, 6.09, 4.38
2006-02-16, 3.97, 3.80, 3.98, 5.14, 4.25, 3.83, 4.62, 5.69, 2.64, 2.71, 2.86, 4.36, 3.76, 3.32, 3.56, 3.88, 4.59, 6.19, 3.57, 3.64, 3.83, 5.19, 5.11, 5.93
2006-02-17, 3.95, 3.03, 2.93, 3.37, 4.36, 3.09, 4.54, 6.48, 6.03, 5.02, 3.12, 3.23, 2.96, 3.23, 5.03, 3.67, 3.60, 7.10, 6.21, 5.07, 4.62, 6.40, 6.11, 4.45
2006-02-18, 3.16, 3.15, 2.88, 4.47, 2.93, 2.81, 2.97, 2.64, 6.55, 7.17, 6.36, 6.53, 4.22, 2.29, 4.54, 2.75, 2.94, 2.75, 2.97, 4.44, 2.87, 2.86, 3.37, 3.22
2006-02-19, 3.32, 4.80, 2.96, 3.28, 2.98, 3.45, 3.09, 5.15, 3.38, 7.20, 6.69, 7.52, 6.77, 6.25, 6.01, 5.10, 2.89, 4.10, 5.73, 6.98, 8.56, 6.79, 6.11, 5.86
2006-02-20, 5.93, 3.30, 3.43, 2.96, 3.46, 3.00, 5.25, 4.97, 3.41, 3.47, 3.14, 4.84, 3.09, 3.33, 3.28, 3.21, 4.44, 5.87, 4.54, 6.03, 5.21, 6.42, 6.06, 4.90
2006-02-21, 3.84, 3.55, 3.11, 2.68, 3.12, 3.47, 4.39, 6.28, 6.67, 5.24, 3.92, 3.92, 5.01, 3.95, 3.57, 3.69, 5.01, 3.61, 3.40, 3.48, 4.96, 6.66, 3.46, 3.11
2006-02-22, 2.89, 3.63, 3.83, 3.10, 2.96, 2.91, 3.92, 5.69, 3.22, 2.98, 3.13, 4.56, 3.05, 3.43, 3.09, 3.59, 3.73, 4.76, 3.07, 3.21, 4.57, 7.25, 6.57, 5.36
2006-02-23, 3.03, 2.91, 3.23, 4.56, 3.21, 3.12, 4.59, 6.73, 5.61, 4.96, 2.75, 2.92, 2.73, 2.93, 4.64, 4.19, 3.98, 7.19, 5.37, 3.37, 4.07, 7.17, 5.09, 2.61
2006-02-24, 2.73, 2.93, 3.99, 2.55, 2.93, 2.47, 5.34, 6.03, 5.89, 3.68, 3.15, 3.45, 3.18, 4.54, 3.77, 5.61, 4.46, 1.68, 1.62, 1.30, 1.65, 2.77, 3.02, 2.80
2006-02-25, 2.94, 2.57, 4.25, 3.02, 2.81, 2.70, 2.91, 2.68, 4.68, 6.89, 7.47, 6.77, 5.41, 3.27, 2.98, 4.01, 3.27, 3.20, 2.75, 4.27, 2.67, 2.67, 2.69, 3.25
2006-02-26, 4.31, 2.92, 2.62, 3.09, 2.68, 4.58, 2.99, 2.81, 4.23, 6.38, 7.75, 5.70, 5.23, 5.17, 2.60, 2.71, 2.73, 4.72, 5.62, 6.73, 6.55, 5.35, 4.06, 2.54
2006-02-27, 2.59, 3.83, 2.84, 2.60, 2.69, 2.81, 4.53, 4.19, 2.73, 5.36, 7.48, 5.71, 3.11, 2.75, 2.82, 3.91, 5.17, 4.54, 9.23, 5.09, 3.82, 4.66, 3.85, 5.28
2006-02-28, 2.39, 2.66, 2.59, 3.91, 2.74, 2.48, 3.53, 5.74, 5.78, 6.02, 5.94, 5.00, 3.26, 3.21, 3.30, 3.76, 4.52, 3.43, 3.36, 3.77, 3.40, 5.33, 3.66, 3.93
2006-03-01, 2.96, 2.84, 2.99, 4.46, 3.00, 2.75, 3.53, 5.90, 6.25, 6.51, 6.75, 6.53, 3.37, 3.44, 3.08, 4.06, 5.87, 4.68, 5.98, 5.34, 4.40, 0.00, 10.00, 4.81
2006-03-02, 4.53, 3.13, 2.63, 2.95, 4.38, 2.82, 2.81, 2.81, 4.51, 7.91, 8.92, 7.65, 6.24, 6.65, 6.94, 5.18, 4.75, 5.97, 6.72, 4.34, 4.25, 5.70, 4.55, 4.36
2006-03-03, 3.30, 3.18, 4.82, 3.52, 3.07, 3.32, 3.21, 3.25, 7.48, 6.95, 6.32, 6.21, 6.48, 4.34, 2.85, 4.12, 5.20, 3.22, 4.71, 4.44, 3.69, 5.09, 3.28, 3.39
2006-03-04, 3.50, 4.48, 3.87, 3.40, 3.07, 2.68, 2.97, 4.18, 6.28, 6.27, 7.25, 8.48, 5.64, 6.22, 4.74, 3.85, 6.14, 4.65, 8.41, 8.10, 4.47, 6.45, 4.01, 4.40
2006-03-05, 3.96, 5.18, 4.13, 3.57, 3.94, 3.69, 3.76, 5.73, 6.43, 8.17, 7.28, 6.88, 6.73, 4.89, 3.73, 3.83, 4.16, 7.65, 6.32, 7.62, 7.33, 5.36, 4.00, 3.63
2006-03-06, 4.27, 5.29, 4.61, 4.24, 4.23, 4.11, 6.91, 7.20, 4.26, 3.68, 4.25, 5.32, 3.89, 3.87, 3.88, 4.28, 6.24, 4.92, 7.88, 7.99, 9.31, 8.66, 5.02, 4.99
2006-03-07, 3.85, 4.92, 3.89, 3.64, 4.04, 3.99, 6.10, 6.68, 4.30, 4.53, 6.10, 4.12, 4.04, 5.65, 4.61, 7.80, 6.07, 3.91, 4.06, 5.03, 5.11, 7.72, 6.85, 4.09
2006-03-08, 3.68, 3.79, 4.14, 4.70, 3.96, 3.66, 4.89, 7.74, 6.46, 5.97, 4.60, 3.80, 3.74, 3.67, 4.21, 4.40, 3.98, 4.23, 5.78, 4.66, 4.00, 4.61, 4.51, 4.33
2006-03-09, 3.58, 3.27, 3.41, 3.44, 4.81, 3.69, 4.62, 6.85, 5.84, 6.26, 4.11, 3.56, 3.33, 3.53, 3.72, 5.57, 4.08, 4.58, 5.82, 4.62, 4.43, 7.86, 7.48, 5.12
2006-03-10, 3.31, 3.46, 3.55, 4.92, 3.87, 3.70, 5.62, 6.80, 6.73, 5.47, 3.84, 3.64, 3.80, 3.85, 5.61, 4.33, 4.55, 5.85, 8.14, 5.21, 5.81, 5.75, 3.91, 3.83
2006-03-11, 3.57, 5.14, 3.57, 3.91, 3.51, 3.98, 4.89, 5.30, 6.34, 5.13, 4.26, 4.02, 5.64, 3.71, 4.07, 3.80, 5.47, 5.56, 6.28, 5.06, 7.36, 5.05, 4.31, 4.17
2006-03-12, 4.91, 3.83, 3.48, 3.73, 3.61, 5.23, 3.68, 3.73, 3.99, 8.12, 8.04, 6.55, 4.50, 3.85, 5.81, 4.56, 5.25, 6.35, 6.21, 4.29, 5.59, 6.84, 4.79, 2.76
2006-03-13, 2.99, 3.67, 2.67, 2.75, 2.79, 2.98, 7.74, 8.23, 7.77, 5.55, 4.80, 4.75, 4.44, 5.55, 4.29, 4.57, 4.29, 7.43, 6.10, 5.25, 5.20, 5.61, 8.71, 6.49
2006-03-14, 4.23, 4.56, 4.62, 5.56, 4.43, 4.29, 4.77, 7.02, 3.68, 4.02, 3.65, 4.89, 3.98, 3.60, 3.60, 3.84, 6.25, 6.59, 4.77, 4.15, 4.56, 6.09, 5.57, 3.85
2006-03-15, 3.65, 3.65, 5.24, 3.72, 3.46, 3.68, 4.60, 6.58, 5.76, 6.10, 4.66, 3.38, 3.54, 3.68, 3.52, 5.43, 4.39, 6.12, 7.89, 4.95, 5.37, 7.57, 5.63, 3.92
2006-03-16, 3.85, 4.54, 4.19, 3.92, 3.48, 3.98, 5.18, 6.26, 4.23, 2.75, 3.11, 2.61, 4.53, 2.70, 3.18, 3.17, 3.56, 6.29, 3.31, 2.57, 2.77, 6.53, 6.63, 5.45
2006-03-17, 3.55, 3.77, 3.39, 4.69, 4.03, 3.49, 5.27, 5.11, 3.75, 3.51, 4.93, 3.53, 3.33, 3.57, 3.25, 5.09, 4.45, 4.85, 5.94, 4.62, 3.72, 5.84, 6.12, 3.47
2006-03-18, 3.00, 2.32, 2.62, 3.93, 2.67, 2.44, 2.80, 3.17, 6.76, 6.14, 7.80, 6.58, 4.76, 4.35, 3.63, 5.51, 6.61, 7.03, 6.45, 5.43, 7.54, 4.58, 3.58, 3.91
2006-03-19, 4.61, 2.81, 2.53, 2.91, 2.96, 2.95, 4.75, 2.62, 4.77, 6.50, 8.86, 4.56, 3.00, 2.98, 4.32, 4.75, 3.07, 5.10, 4.10, 4.81, 3.93, 6.05, 5.91, 3.20
2006-03-20, 2.31, 2.16, 3.60, 2.83, 2.66, 2.56, 3.37, 6.10, 4.09, 2.88, 3.10, 2.86, 4.13, 2.97, 2.77, 2.91, 4.55, 5.26, 5.27, 4.35, 6.25, 3.68, 3.08, 4.22
2006-03-21, 2.96, 2.85, 2.91, 3.30, 4.55, 3.04, 3.38, 5.92, 6.00, 4.86, 2.91, 3.06, 2.88, 2.88, 4.91, 3.39, 3.47, 4.14, 4.33, 4.46, 5.62, 9.28, 6.47, 3.86
2006-03-22, 2.63, 2.47, 3.01, 3.40, 3.92, 3.20, 4.81, 6.30, 5.71, 4.21, 3.05, 2.67, 2.96, 3.45, 3.74, 3.35, 3.19, 3.22, 4.81, 4.91, 5.05, 4.58, 3.29, 2.99
2006-03-23, 2.84, 4.30, 2.82, 2.89, 2.78, 3.01, 4.72, 6.46, 3.28, 3.15, 2.71, 4.14, 2.95, 2.91, 2.92, 3.10, 3.43, 4.90, 4.53, 4.82, 9.48, 7.18, 5.08, 3.58
2006-03-24, 3.12, 2.98, 3.32, 4.74, 3.15, 3.23, 3.57, 6.22, 3.20, 3.00, 3.28, 4.38, 3.08, 3.27, 3.13, 3.31, 5.22, 5.77, 3.78, 5.17, 6.83, 4.17, 3.46, 3.21
2006-03-25, 4.83, 2.67, 2.81, 2.83, 2.84, 3.78, 4.10, 3.94, 6.12, 5.85, 5.12, 3.05, 3.32, 3.04, 3.18, 4.77, 3.11, 3.03, 3.25, 3.58, 5.38, 3.88, 3.20, 2.72
2006-03-26, 2.84, 4.11, 0.00, 2.93, 2.67, 2.82, 2.85, 3.01, 6.74, 6.47, 7.27, 6.98, 5.08, 6.81, 7.10, 9.06, 6.11, 4.95, 3.08, 5.80, 3.57, 3.25, 3.28, 4.20
2006-03-27, 2.73, 2.43, 2.67, 2.46, 4.51, 2.92, 2.91, 3.57, 6.07, 5.84, 5.02, 3.01, 3.24, 3.03, 3.06, 6.30, 4.69, 5.27, 5.58, 3.46, 5.28, 4.14, 4.04, 2.51
2006-03-28, 2.87, 2.57, 2.99, 4.01, 2.84, 2.49, 4.56, 7.40, 4.28, 2.92, 3.20, 3.54, 3.86, 3.29, 3.01, 3.44, 3.96, 5.65, 4.09, 3.44, 3.35, 7.16, 5.92, 3.88
2006-03-29, 2.25, 2.55, 2.43, 3.97, 2.52, 2.28, 2.70, 4.03, 5.55, 2.95, 2.61, 2.43, 2.30, 4.07, 2.62, 5.16, 4.10, 2.92, 4.35, 2.47, 4.02, 7.62, 5.13, 2.65
2006-03-30, 2.00, 2.02, 3.39, 2.26, 2.37, 2.20, 3.68, 5.37, 5.23, 5.27, 5.08, 3.50, 2.71, 3.23, 3.94, 4.10, 4.75, 3.51, 3.58, 3.02, 2.26, 4.16, 2.90, 2.19
2006-03-31, 1.55, 1.22, 1.29, 1.53, 2.47, 2.00, 3.80, 5.78, 5.49, 3.49, 2.64, 2.88, 3.03, 4.12, 3.35, 3.18, 2.67, 2.79, 3.15, 4.75, 4.00, 2.90, 3.41, 3.45
2006-04-01, 4.44, 2.70, 2.23, 2.42, 2.46, 3.32, 3.79, 2.88, 4.16, 6.02, 3.87, 4.45, 4.04, 4.79, 2.22, 1.51, 1.15, 3.13, 6.72, 6.10, 3.17, 2.82, 3.91, 2.61
2006-04-02, 2.53, 2.28, 2.64, 2.77, 4.12, 2.72, 2.62, 2.64, 6.35, 8.04, 4.43, 6.51, 5.85, 5.97, 5.72, 3.20, 3.05, 4.60, 3.52, 7.77, 6.04, 5.90, 5.74, 2.88
2006-04-03, 2.50, 2.30, 2.40, 3.78, 2.38, 2.46, 2.87, 6.03, 4.96, 4.18, 2.34, 2.32, 2.17, 2.58, 3.72, 2.91, 3.36, 4.28, 5.52, 4.36, 4.54, 4.61, 2.25, 1.82
2006-04-04, 1.92, 3.56, 2.03, 2.20, 1.76, 2.09, 3.66, 4.92, 2.08, 2.44, 3.62, 2.36, 2.41, 2.11, 2.51, 3.10, 4.66, 2.33, 3.70, 3.28, 2.97, 4.26, 4.93, 2.70
2006-04-05, 2.36, 2.22, 2.31, 3.05, 3.57, 2.26, 2.60, 5.88, 5.49, 4.07, 2.54, 2.67, 2.51, 4.20, 3.34, 3.11, 3.31, 4.63, 5.98, 4.60, 5.79, 8.03, 5.52, 4.35
2006-04-06, 2.22, 2.20, 2.38, 2.22, 3.80, 2.02, 2.61, 5.53, 3.25, 2.35, 2.57, 3.53, 2.71, 2.53, 2.23, 2.54, 2.44, 3.73, 2.42, 2.33, 2.51, 2.38, 4.93, 2.60
2006-04-07, 2.52, 2.40, 2.73, 4.16, 2.40, 2.45, 2.88, 6.12, 5.14, 4.05, 2.50, 2.73, 2.87, 2.97, 4.01, 2.75, 2.52, 3.08, 5.12, 3.38, 3.06, 2.74, 3.91, 3.47
2006-04-08, 2.59, 2.55, 2.87, 2.55, 4.45, 2.47, 2.44, 2.75, 4.18, 6.21, 6.20, 7.68, 6.14, 5.28, 7.73, 4.78, 7.78, 3.74, 7.34, 3.80, 3.30, 3.12, 4.49, 3.15
2006-04-09, 3.15, 2.34, 2.03, 3.68, 1.97, 1.78, 1.96, 1.92, 4.92, 6.42, 6.17, 4.94, 5.12, 2.36, 2.49, 3.00, 4.53, 2.57, 3.81, 5.44, 5.82, 3.00, 2.97, 2.12
2006-04-10, 3.33, 2.25, 2.02, 2.14, 1.95, 2.21, 4.78, 2.46, 5.87, 5.33, 2.46, 2.43, 2.32, 3.95, 2.34, 2.82, 2.70, 5.78, 3.47, 3.47, 2.85, 4.17, 2.52, 2.51
2006-04-11, 2.46, 2.18, 2.24, 3.86, 2.04, 2.14, 2.28, 5.15, 5.38, 5.21, 5.08, 4.72, 2.22, 2.17, 2.54, 2.26, 4.27, 7.60, 4.52, 2.64, 4.65, 4.93, 2.51, 1.93
2006-04-12, 1.79, 3.03, 2.33, 1.95, 2.01, 2.16, 3.36, 3.41, 4.12, 5.42, 3.79, 2.53, 2.13, 2.37, 5.28, 5.39, 2.79, 5.37, 4.11, 2.56, 2.74, 4.06, 2.61, 2.21
2006-04-13, 2.58, 1.92, 3.63, 2.67, 2.18, 2.35, 2.34, 4.59, 5.52, 6.55, 6.14, 5.38, 3.58, 2.39, 2.53, 2.24, 2.51, 3.53, 2.85, 2.40, 2.24, 2.27, 2.56, 3.28
2006-04-14, 3.28, 2.60, 2.27, 2.20, 2.50, 3.10, 3.43, 2.63, 2.44, 2.39, 2.53, 3.45, 2.93, 2.53, 2.35, 2.40, 2.55, 2.50, 3.80, 2.41, 2.27, 2.46, 2.52, 2.05
2006-04-15, 4.21, 2.58, 2.41, 2.37, 2.51, 2.25, 3.48, 3.25, 2.37, 2.55, 2.65, 2.41, 3.07, 3.69, 2.28, 2.22, 2.59, 2.30, 2.94, 3.87, 2.12, 2.24, 2.50, 2.27
2006-04-16, 2.50, 4.29, 2.11, 2.45, 2.46, 2.35, 2.61, 3.87, 2.77, 2.52, 2.32, 2.34, 2.65, 3.76, 5.74, 5.61, 5.10, 5.60, 7.26, 5.98, 4.20, 3.11, 2.17, 2.18
2006-04-17, 1.95, 3.14, 3.56, 2.33, 2.54, 2.08, 2.16, 2.46, 3.91, 5.21, 6.11, 5.12, 2.86, 4.12, 5.57, 3.49, 4.12, 3.91, 6.00, 6.03, 4.03, 2.58, 2.37, 2.47
2006-04-18, 2.74, 1.99, 1.77, 2.10, 2.03, 3.27, 2.57, 4.63, 5.24, 4.89, 3.10, 1.97, 2.49, 2.21, 3.61, 2.34, 3.55, 3.10, 4.16, 2.45, 2.06, 3.53, 3.34, 2.33
2006-04-19, 1.98, 2.37, 2.85, 3.38, 1.98, 2.39, 3.75, 5.31, 5.39, 3.12, 2.20, 2.29, 2.30, 2.73, 3.88, 2.79, 3.87, 2.84, 5.66, 4.32, 2.37, 5.42, 5.25, 2.68
2006-04-20, 2.20, 2.24, 2.28, 3.88, 1.96, 2.40, 2.46, 5.22, 5.29, 3.42, 2.10, 2.35, 2.23, 2.96, 3.17, 2.01, 3.16, 2.32, 3.90, 2.92, 2.74, 5.28, 4.96, 2.54
2006-04-21, 2.30, 2.38, 2.96, 1.87, 2.05, 2.43, 3.30, 5.44, 2.64, 2.07, 2.12, 3.12, 2.58, 1.79, 2.27, 2.37, 3.75, 4.20, 5.09, 6.12, 2.37, 4.41, 2.96, 2.27
2006-04-22, 2.24, 3.53, 2.28, 1.90, 2.48, 2.17, 2.41, 3.73, 7.20, 6.69, 5.84, 7.67, 6.74, 2.93, 2.40, 2.44, 3.31, 2.76, 1.85, 2.43, 3.18, 1.76, 1.52, 1.60
2006-04-23, 2.51, 1.61, 1.48, 1.65, 1.43, 1.18, 2.86, 2.27, 2.65, 8.08, 5.96, 5.59, 5.10, 3.90, 7.98, 5.78, 3.13, 5.64, 3.76, 7.05, 5.34, 4.97, 4.87, 3.49
2006-04-24, 1.26, 1.63, 1.64, 2.26, 2.25, 1.62, 2.01, 5.78, 2.54, 1.98, 2.20, 3.36, 1.76, 2.16, 1.97, 2.02, 2.57, 4.43, 2.07, 2.36, 3.19, 5.33, 2.32, 1.75
2006-04-25, 2.03, 3.10, 2.16, 2.05, 1.68, 2.19, 3.54, 5.03, 4.61, 3.74, 1.66, 1.69, 1.78, 1.96, 2.25, 3.00, 1.96, 2.34, 1.92, 2.49, 1.07, 1.42, 2.03, 2.48
2006-04-26, 0.75, 1.28, 1.05, 1.47, 2.23, 1.14, 1.29, 4.44, 3.81, 3.11, 1.26, 1.06, 1.65, 1.47, 2.48, 1.19, 3.56, 4.14, 3.75, 3.73, 2.97, 3.50, 2.25, 2.35
2006-04-27, 3.02, 2.82, 2.50, 2.19, 2.29, 2.13, 4.76, 3.24, 2.74, 4.15, 2.81, 2.75, 2.29, 3.67, 2.50, 2.30, 3.31, 4.80, 6.68, 5.33, 5.19, 2.93, 3.06, 2.03
2006-04-28, 3.99, 2.16, 2.07, 2.19, 2.20, 2.21, 4.54, 5.34, 4.85, 2.56, 2.37, 2.69, 4.28, 2.37, 2.68, 3.22, 4.07, 4.27, 4.66, 6.48, 2.48, 2.30, 2.63, 3.46
2006-04-29, 2.30, 2.47, 2.33, 2.12, 2.54, 4.05, 2.35, 2.30, 4.49, 7.52, 5.33, 7.29, 5.08, 4.78, 4.51, 1.85, 4.72, 4.14, 5.07, 3.10, 3.74, 3.96, 3.20, 1.87
2006-04-30, 1.69, 1.84, 1.77, 3.50, 1.67, 1.75, 1.83, 2.03, 4.77, 5.50, 5.62, 6.27, 6.27, 5.91, 4.22, 4.75, 8.18, 3.46, 7.60, 2.96, 2.92, 4.06, 2.27, 2.62
2006-05-01, 1.92, 2.00, 2.83, 2.50, 1.87, 2.16, 1.62, 2.00, 4.14, 5.49, 4.76, 5.60, 2.84, 2.02, 3.58, 3.14, 4.77, 2.91, 1.88, 1.96, 3.96, 2.57, 2.12, 2.40
2006-05-02, 1.86, 3.51, 1.67, 1.79, 2.05, 1.49, 3.42, 5.37, 4.58, 2.02, 1.92, 1.92, 1.71, 2.41, 2.71, 2.58, 2.43, 5.37, 2.19, 1.99, 2.23, 4.33, 2.00, 1.92
2006-05-03, 1.60, 1.81, 3.43, 1.48, 1.78, 2.04, 2.32, 5.00, 3.25, 2.09, 1.67, 2.24, 3.79, 2.05, 2.27, 2.62, 2.07, 4.67, 2.41, 2.65, 3.76, 2.37, 3.85, 1.97
2006-05-04, 2.01, 1.79, 1.47, 1.84, 2.52, 2.84, 2.86, 5.03, 4.97, 4.82, 3.90, 1.61, 1.92, 1.88, 2.01, 3.27, 3.01, 1.82, 1.59, 1.85, 1.64, 1.55, 0.00, 5.32
2006-05-05, 1.73, 1.60, 1.78, 3.10, 1.74, 1.44, 2.20, 5.98, 3.40, 1.79, 1.93, 1.64, 3.43, 1.61, 2.22, 1.64, 2.26, 3.46, 5.15, 2.32, 2.26, 2.09, 3.53, 1.84
2006-05-06, 1.41, 1.45, 1.82, 1.61, 3.25, 1.64, 1.42, 1.76, 4.22, 6.76, 4.70, 4.62, 3.60, 1.55, 1.95, 1.45, 2.00, 1.89, 2.85, 2.04, 1.78, 3.74, 2.35, 3.58
2006-05-07, 2.18, 1.47, 1.48, 1.82, 1.63, 3.33, 1.66, 1.72, 1.53, 5.24, 5.21, 6.47, 4.07, 2.34, 4.52, 2.72, 1.77, 2.01, 3.62, 1.77, 1.38, 3.20, 1.26, 1.02
2006-05-08, 0.53, 2.27, 0.71, 0.92, 0.55, 1.09, 1.93, 4.05, 1.34, 1.09, 1.92, 1.04, 0.64, 0.82, 0.98, 1.35, 4.10, 3.37, 0.98, 0.96, 2.40, 1.27, 0.84, 0.47
2006-05-09, 0.80, 1.47, 1.19, 0.90, 0.59, 0.49, 1.41, 4.37, 1.40, 0.75, 0.53, 0.77, 1.91, 0.49, 0.92, 0.54, 1.38, 3.82, 1.46, 3.96, 3.36, 2.70, 1.51, 1.65
2006-05-10, 0.52, 0.77, 0.81, 2.30, 0.74, 0.73, 1.70, 3.80, 4.11, 2.05, 0.67, 1.00, 0.67, 1.10, 2.70, 1.16, 2.16, 0.76, 1.61, 1.61, 1.29, 1.73, 3.48, 0.69
2006-05-11, 0.57, 1.15, 1.72, 0.84, 0.65, 0.73, 2.87, 4.18, 3.08, 0.49, 0.65, 0.64, 0.49, 2.35, 0.64, 0.63, 1.83, 3.21, 0.48, 0.56, 3.25, 2.39, 4.05, 2.77
2006-05-12, 0.57, 1.08, 0.51, 2.24, 0.81, 0.87, 0.65, 5.40, 3.65, 3.46, 0.56, 1.08, 0.67, 0.90, 2.54, 0.74, 2.27, 2.28, 3.55, 0.93, 1.51, 0.97, 2.05, 1.82
2006-05-13, 0.82, 0.50, 0.76, 0.56, 2.48, 0.68, 0.80, 3.62, 4.52, 5.49, 3.97, 1.20, 0.95, 0.63, 0.91, 1.83, 1.49, 0.55, 3.67, 3.23, 1.32, 2.15, 2.14, 0.77
2006-05-14, 1.34, 0.86, 2.86, 1.35, 0.89, 1.36, 1.08, 3.27, 4.75, 4.64, 4.41, 3.02, 0.76, 1.06, 4.54, 3.72, 1.20, 2.49, 3.47, 6.33, 4.74, 2.43, 1.40, 0.90
2006-05-15, 0.86, 2.36, 0.92, 0.94, 1.12, 1.04, 3.22, 5.94, 2.13, 1.51, 1.17, 1.71, 3.16, 1.28, 1.43, 2.37, 3.74, 4.57, 1.31, 1.57, 1.77, 4.84, 4.25, 3.42
2006-05-16, 0.74, 0.92, 0.83, 1.02, 2.34, 1.06, 0.82, 4.60, 3.83, 2.38, 0.77, 1.01, 1.05, 1.19, 2.04, 0.90, 2.20, 6.29, 2.19, 5.16, 7.04, 5.61, 4.72, 3.66
2006-05-17, 0.77, 0.96, 0.93, 0.93, 2.66, 1.19, 1.02, 4.00, 4.47, 5.36, 3.01, 1.53, 1.29, 0.74, 3.91, 2.65, 3.11, 4.89, 4.29, 1.48, 1.93, 3.15, 1.67, 1.98
2006-05-18, 0.92, 0.89, 1.12, 2.58, 0.86, 1.12, 1.07, 3.72, 1.91, 0.98, 0.98, 1.03, 2.60, 0.87, 0.89, 1.87, 2.36, 4.13, 1.68, 1.29, 1.97, 3.25, 1.51, 1.00
2006-05-19, 1.01, 0.86, 1.56, 1.68, 0.86, 0.53, 1.69, 5.35, 3.60, 2.19, 0.71, 0.58, 0.80, 0.49, 2.44, 1.14, 1.95, 3.23, 5.19, 2.18, 2.72, 2.08, 2.08, 0.97
2006-05-20, 1.07, 0.79, 0.90, 2.57, 0.76, 1.15, 0.98, 4.01, 3.99, 2.89, 0.71, 0.87, 0.81, 0.84, 2.47, 0.55, 1.08, 0.80, 0.56, 0.88, 1.83, 1.56, 0.83, 0.85
2006-05-21, 1.06, 0.88, 2.64, 1.58, 0.76, 1.29, 1.18, 0.75, 1.30, 2.88, 0.83, 1.01, 1.20, 1.10, 0.90, 2.81, 1.22, 0.98, 2.61, 1.73, 5.18, 5.43, 2.12, 0.86
2006-05-22, 1.06, 0.88, 1.46, 2.27, 0.70, 0.68, 2.72, 4.42, 3.10, 1.10, 1.20, 1.16, 1.02, 2.50, 1.22, 1.97, 1.28, 5.00, 1.69, 3.51, 1.67, 3.49, 0.81, 1.09
2006-05-23, 0.84, 0.50, 1.11, 2.49, 0.82, 1.26, 0.63, 1.06, 3.85, 0.64, 0.97, 1.32, 1.13, 1.72, 1.26, 0.93, 1.53, 4.15, 2.37, 1.30, 2.51, 3.49, 4.12, 0.98
2006-05-24, 0.74, 0.86, 1.38, 1.81, 0.88, 0.93, 1.70, 4.85, 4.17, 3.02, 1.32, 1.08, 1.00, 1.00, 2.45, 1.10, 1.27, 1.27, 1.84, 2.09, 1.23, 0.62, 1.12, 0.56
2006-05-25, 2.78, 0.92, 0.83, 0.86, 0.83, 1.51, 2.36, 0.83, 4.62, 5.25, 5.48, 4.60, 1.46, 3.66, 2.41, 1.59, 2.86, 1.31, 1.71, 1.21, 2.78, 1.48, 1.85, 2.01
2006-05-26, 1.31, 2.50, 0.66, 1.25, 1.41, 0.94, 3.63, 1.39, 0.55, 1.19, 1.88, 1.58, 1.11, 1.05, 0.85, 0.81, 1.77, 2.39, 3.99, 1.06, 1.03, 0.88, 2.18, 0.90
2006-05-27, 1.04, 0.75, 1.32, 1.08, 2.49, 1.09, 1.01, 0.98, 1.13, 1.07, 1.77, 1.61, 0.88, 0.71, 1.27, 1.03, 1.47, 1.87, 0.75, 0.87, 0.76, 1.31, 1.47, 2.16
2006-05-28, 0.96, 0.88, 0.76, 1.01, 1.09, 2.63, 1.31, 1.07, 0.75, 1.36, 1.04, 1.88, 1.67, 0.96, 0.74, 1.34, 1.09, 0.71, 2.62, 0.88, 0.88, 5.88, 4.54, 4.41
2006-05-29, 4.25, 1.40, 1.15, 1.28, 1.33, 0.98, 2.92, 5.54, 4.17, 1.08, 1.06, 1.25, 0.59, 2.43, 0.69, 1.32, 3.66, 3.98, 1.49, 0.77, 1.73, 1.62, 3.21, 0.65
2006-05-30, 1.06, 0.88, 0.85, 0.89, 2.62, 0.79, 1.22, 3.76, 2.72, 1.13, 0.85, 1.24, 2.35, 1.11, 1.55, 1.40, 3.81, 3.11, 0.77, 0.86, 0.59, 2.87, 1.18, 1.03
2006-05-31, 0.92, 0.90, 2.36, 0.91, 1.09, 0.93, 2.85, 5.32, 4.82, 2.26, 1.22, 1.17, 0.81, 1.57, 1.86, 1.02, 0.60, 1.15, 0.84, 1.53, 4.47, 5.32, 5.75, 4.98
2006-06-01, 1.36, 0.94, 0.98, 0.50, 1.40, 2.06, 0.99, 4.56, 4.46, 2.05, 1.44, 1.30, 1.03, 2.23, 1.86, 1.92, 1.60, 7.30, 1.25, 1.34, 1.55, 4.20, 1.26, 1.66
2006-06-02, 2.11, 0.84, 1.15, 0.72, 1.02, 0.96, 3.41, 4.51, 4.19, 1.24, 1.18, 1.15, 0.99, 2.76, 0.93, 1.59, 0.89, 2.55, 1.05, 0.76, 0.71, 1.05, 0.90, 2.70
2006-06-03, 0.71, 0.71, 0.97, 0.73, 1.15, 2.49, 1.11, 0.73, 0.97, 0.73, 0.90, 1.18, 2.35, 1.06, 0.69, 0.98, 0.67, 0.73, 2.07, 1.39, 0.80, 1.16, 0.73, 0.98
2006-06-04, 1.46, 1.85, 1.01, 0.91, 1.09, 0.74, 1.02, 2.78, 0.74, 1.17, 0.82, 1.00, 0.80, 2.69, 0.88, 0.86, 0.85, 0.93, 0.93, 2.24, 1.17, 1.01, 1.18, 1.54
2006-06-05, 2.89, 0.98, 0.55, 0.85, 0.68, 2.64, 0.89, 0.93, 1.51, 0.80, 4.32, 4.89, 5.84, 5.85, 2.02, 6.85, 2.20, 6.57, 1.59, 0.92, 1.32, 3.98, 1.86, 0.57
2006-06-06, 1.23, 2.07, 1.02, 0.99, 1.02, 0.75, 2.42, 4.34, 4.29, 1.44, 0.85, 1.21, 1.13, 1.93, 0.91, 1.37, 1.07, 3.08, 2.85, 0.79, 2.79, 0.99, 1.17, 2.29
2006-06-07, 0.83, 0.46, 0.87, 0.65, 0.48, 2.49, 0.50, 1.33, 2.01, 1.12, 0.79, 0.60, 1.02, 2.12, 0.50, 0.78, 1.88, 2.80, 3.55, 1.03, 1.49, 2.36, 1.88, 1.31
2006-06-08, 0.49, 1.18, 1.53, 0.77, 0.46, 0.58, 0.66, 3.45, 0.97, 0.52, 0.59, 1.96, 0.50, 0.51, 0.76, 0.52, 2.61, 2.29, 0.50, 3.40, 4.21, 2.27, 2.86, 1.00
2006-06-09, 0.45, 0.50, 1.29, 1.09, 0.75, 0.49, 0.67, 3.24, 2.99, 0.82, 0.50, 1.25, 2.89, 1.05, 0.76, 0.57, 0.76, 0.92, 1.94, 0.52, 0.63, 0.69, 0.52, 0.53
2006-06-10, 1.62, 1.57, 0.60, 0.76, 0.54, 1.10, 0.53, 2.41, 0.81, 0.83, 0.75, 0.56, 0.60, 0.71, 1.63, 1.43, 0.66, 0.65, 0.48, 0.54, 0.51, 0.91, 2.28, 0.54
2006-06-11, 0.50, 0.81, 0.52, 0.53, 1.31, 1.98, 0.96, 0.61, 0.65, 0.87, 0.64, 1.71, 1.48, 0.53, 1.04, 0.53, 0.52, 0.53, 0.80, 2.35, 0.48, 0.55, 0.49, 0.54
2006-06-12, 0.55, 1.52, 1.62, 0.57, 0.59, 0.73, 0.51, 0.61, 1.85, 1.44, 0.50, 0.58, 0.70, 0.54, 0.50, 1.31, 1.61, 0.51, 0.52, 0.52, 0.52, 0.52, 1.46, 1.42
2006-06-13, 0.49, 0.66, 0.63, 0.53, 0.52, 1.79, 1.20, 0.72, 0.53, 0.51, 0.52, 0.52, 0.75, 2.25, 0.62, 0.55, 0.50, 0.53, 0.51, 0.52, 2.34, 0.51, 0.53, 0.51
2006-06-14, 0.53, 0.51, 0.58, 2.50, 0.66, 0.50, 0.55, 0.55, 0.76, 0.51, 2.49, 0.51, 0.78, 0.52, 0.56, 0.47, 0.59, 2.60, 0.57, 0.50, 0.54, 0.52, 0.60, 0.71
2006-06-15, 2.25, 0.61, 0.82, 0.78, 0.60, 0.77, 0.99, 2.59, 0.56, 0.55, 1.06, 0.51, 0.60, 0.72, 2.31, 0.49, 0.65, 0.64, 0.57, 0.48, 0.56, 2.46, 0.62, 0.52
2006-06-16, 0.53, 0.73, 0.60, 1.38, 2.18, 0.54, 0.61, 0.75, 0.81, 0.67, 0.65, 2.48, 0.54, 0.77, 0.53, 0.51, 0.53, 0.61, 2.51, 0.51, 0.54, 0.52, 0.60, 0.71
2006-06-17, 0.52, 2.39, 0.56, 0.77, 0.49, 0.58, 0.76, 0.57, 2.43, 0.97, 0.53, 0.55, 0.51, 0.54, 0.70, 2.54, 0.52, 0.52, 0.52, 0.52, 0.52, 0.52, 1.42, 1.82
2006-06-18, 0.54, 0.52, 0.54, 0.67, 0.65, 0.53, 2.44, 0.81, 0.52, 0.55, 0.60, 0.72, 0.51, 2.18, 0.79, 0.61, 0.68, 0.55, 0.50, 2.90, 3.58, 4.09, 1.65, 2.17
2006-06-19, 2.50, 1.93, 0.54, 0.71, 0.61, 0.56, 1.98, 3.96, 3.49, 1.71, 0.77, 0.58, 0.53, 0.78, 1.72, 2.31, 1.32, 3.04, 3.32, 2.51, 5.06, 4.78, 3.24, 1.03
2006-06-20, 0.79, 0.61, 0.71, 1.05, 1.91, 0.96, 1.08, 3.83, 2.04, 0.91, 0.71, 0.74, 2.30, 1.01, 0.98, 1.22, 2.83, 3.75, 0.61, 0.77, 0.61, 4.38, 3.87, 0.73
2006-06-21, 0.42, 0.45, 2.09, 0.46, 0.46, 0.78, 0.56, 3.28, 1.40, 0.61, 0.56, 1.20, 1.96, 1.77, 1.48, 3.70, 2.60, 1.94, 4.10, 5.42, 1.96, 1.49, 3.08, 2.15
2006-06-22, 0.86, 0.47, 1.94, 0.72, 0.46, 0.78, 0.55, 4.21, 3.62, 1.81, 0.72, 1.28, 0.57, 2.61, 0.65, 1.01, 0.79, 2.87, 4.30, 2.78, 1.26, 4.46, 1.82, 1.26
2006-06-23, 0.55, 1.86, 1.40, 1.05, 0.86, 0.86, 2.00, 4.10, 3.89, 2.12, 0.75, 0.59, 0.89, 2.05, 0.74, 0.81, 0.87, 2.40, 0.86, 0.78, 1.03, 0.61, 1.21, 2.04
2006-06-24, 1.20, 1.05, 0.73, 0.95, 0.87, 1.53, 2.24, 0.70, 1.24, 0.59, 1.21, 0.64, 2.96, 0.69, 0.80, 0.99, 0.77, 0.76, 1.09, 2.55, 0.71, 0.84, 0.92, 0.88
2006-06-25, 0.60, 1.87, 1.80, 0.87, 1.09, 0.70, 1.25, 0.57, 3.01, 0.76, 0.79, 1.12, 0.68, 1.15, 0.63, 2.72, 0.91, 0.85, 2.38, 2.73, 3.20, 3.10, 1.86, 0.57
2006-06-26, 0.49, 0.24, 0.76, 1.77, 0.31, 0.40, 1.15, 3.71, 3.75, 3.14, 2.72, 0.48, 0.37, 0.66, 0.47, 0.29, 1.93, 2.36, 1.38, 4.26, 1.07, 4.16, 2.25, 0.96
2006-06-27, 0.48, 0.48, 2.20, 0.58, 0.62, 0.60, 1.28, 3.89, 3.67, 1.02, 0.92, 0.62, 0.67, 0.86, 2.13, 1.39, 1.89, 0.83, 5.12, 2.35, 0.91, 0.94, 2.62, 0.92
2006-06-28, 0.52, 0.62, 0.90, 1.78, 1.19, 0.64, 1.57, 4.21, 3.78, 2.34, 0.56, 0.91, 0.63, 0.87, 1.01, 1.72, 0.80, 0.52, 0.57, 1.81, 1.13, 0.91, 2.81, 1.16
2006-06-29, 1.70, 0.82, 0.69, 0.47, 0.79, 0.65, 2.48, 2.27, 0.71, 2.02, 0.72, 0.31, 0.47, 0.83, 0.61, 1.86, 0.51, 0.61, 0.61, 4.25, 1.97, 1.80, 2.72, 0.69
2006-06-30, 0.48, 1.83, 0.49, 0.23, 0.77, 0.46, 0.70, 3.75, 3.66, 3.31, 0.49, 0.48, 0.73, 0.28, 0.48, 2.12, 1.48, 2.62, 0.48, 0.60, 0.53, 1.29, 1.10, 0.51
2006-07-01, 0.52, 0.49, 0.55, 0.47, 2.56, 0.79, 0.55, 0.49, 0.60, 0.95, 0.50, 2.38, 0.51, 0.50, 0.52, 0.48, 0.54, 0.47, 2.46, 0.47, 0.53, 0.48, 0.52, 0.48
2006-07-02, 0.53, 2.33, 0.59, 0.47, 0.55, 0.55, 0.70, 0.76, 2.01, 0.92, 0.48, 0.54, 0.48, 0.52, 0.50, 1.42, 1.43, 0.50, 0.50, 0.52, 0.69, 1.32, 3.33, 0.86
2006-07-03, 0.49, 0.50, 0.48, 0.49, 1.98, 0.76, 0.70, 4.20, 3.38, 4.95, 4.20, 3.83, 3.02, 0.79, 0.68, 0.80, 1.23, 2.78, 2.35, 0.64, 0.96, 1.12, 4.60, 1.89
2006-07-04, 0.56, 0.86, 1.60, 0.88, 0.53, 0.49, 0.64, 3.82, 3.73, 1.58, 1.23, 1.12, 0.95, 0.94, 2.18, 0.34, 3.25, 1.02, 0.67, 1.49, 0.27, 2.12, 2.05, 0.72
2006-07-05, 0.31, 1.96, 0.31, 0.25, 0.29, 0.22, 0.36, 2.96, 2.49, 0.29, 0.31, 0.33, 0.27, 2.45, 2.65, 0.77, 1.89, 0.68, 1.59, 0.68, 0.61, 1.84, 0.54, 0.69
2006-07-06, 0.41, 1.15, 1.36, 0.40, 0.40, 0.37, 0.73, 3.34, 3.72, 3.68, 2.68, 0.72, 0.73, 0.59, 1.41, 3.15, 2.10, 0.94, 1.98, 0.47, 1.07, 2.04, 1.06, 1.19
2006-07-07, 2.19, 0.36, 0.35, 0.32, 1.74, 0.34, 0.32, 0.85, 3.22, 2.17, 1.10, 1.91, 0.91, 0.51, 0.61, 0.53, 1.38, 1.14, 0.49, 0.46, 2.14, 2.05, 0.00, 4.00
2006-07-08, 1.36, 2.18, 0.63, 0.61, 0.55, 0.53, 0.84, 1.83, 0.53, 0.52, 1.81, 5.35, 4.39, 6.05, 3.20, 1.67, 0.52, 0.27, 0.29, 0.29, 1.26, 0.82, 0.27, 0.31
2006-07-09, 0.28, 0.29, 0.31, 2.17, 0.34, 0.23, 0.32, 0.26, 0.30, 0.28, 1.86, 0.59, 0.28, 0.30, 0.25, 0.31, 0.24, 0.74, 1.78, 0.30, 0.29, 0.26, 0.32, 0.25
2006-07-10, 0.39, 2.14, 0.40, 0.28, 0.27, 0.44, 0.35, 3.23, 4.64, 2.30, 2.41, 1.87, 0.66, 0.70, 1.61, 1.05, 0.48, 0.58, 0.55, 0.56, 2.13, 0.59, 0.53, 1.49
2006-07-11, 0.76, 0.50, 0.32, 2.40, 0.48, 0.48, 0.56, 2.53, 2.30, 0.51, 0.61, 0.79, 1.00, 1.63, 0.53, 0.62, 0.92, 1.01, 3.39, 1.36, 0.96, 0.97, 2.86, 2.40
2006-07-12, 0.55, 0.46, 0.55, 0.71, 0.56, 0.98, 1.84, 0.81, 3.02, 2.40, 1.48, 0.63, 1.68, 1.35, 0.94, 3.12, 4.39, 0.83, 2.46, 4.03, 2.87, 2.64, 2.17, 0.48
2006-07-13, 0.51, 0.49, 1.04, 1.69, 0.47, 0.47, 0.62, 4.41, 4.04, 3.02, 0.90, 0.84, 0.86, 0.92, 1.55, 1.96, 2.02, 0.67, 2.07, 1.53, 1.13, 2.57, 2.74, 1.70
2006-07-14, 3.68, 0.54, 0.47, 0.28, 1.79, 0.52, 0.44, 1.25, 2.61, 0.58, 2.95, 1.06, 0.56, 0.73, 1.66, 2.55, 3.17, 3.18, 3.02, 2.62, 1.50, 3.35, 0.61, 0.23
2006-07-15, 0.28, 0.22, 1.67, 0.27, 0.21, 0.26, 0.22, 0.27, 1.12, 1.23, 0.29, 0.24, 0.28, 0.25, 0.25, 0.32, 2.06, 0.27, 0.27, 0.27, 0.29, 0.23, 0.26, 2.03
2006-07-16, 0.25, 0.24, 0.23, 0.26, 0.26, 0.33, 2.14, 0.26, 0.28, 0.27, 0.25, 0.30, 0.25, 1.92, 0.40, 0.28, 0.31, 0.24, 0.29, 0.26, 1.86, 0.58, 0.23, 0.26
2006-07-17, 0.27, 0.25, 0.25, 1.72, 0.58, 0.25, 0.22, 0.27, 0.26, 0.29, 2.10, 0.26, 0.28, 0.28, 0.26, 0.29, 0.25, 1.72, 0.75, 0.25, 0.29, 0.25, 0.28, 0.26
2006-07-18, 0.42, 1.91, 0.24, 0.27, 0.25, 0.24, 0.29, 0.33, 2.08, 0.27, 0.29, 0.27, 0.25, 0.30, 0.28, 1.46, 1.02, 0.28, 0.28, 0.27, 0.28, 0.28, 0.26, 2.05
2006-07-19, 0.26, 0.24, 0.25, 0.28, 0.22, 0.63, 1.76, 0.26, 0.28, 0.27, 0.27, 0.26, 0.30, 2.14, 0.27, 0.29, 0.27, 0.26, 0.30, 0.27, 1.48, 0.92, 0.23, 0.25
2006-07-20, 0.28, 0.24, 0.27, 0.79, 1.53, 0.25, 0.24, 0.29, 0.24, 0.30, 0.39, 2.11, 0.32, 0.27, 0.27, 0.31, 0.26, 0.29, 1.60, 0.73, 0.31, 0.26, 0.26, 0.30
2006-07-21, 0.22, 0.26, 2.21, 0.21, 0.27, 0.26, 0.25, 0.27, 0.25, 2.05, 0.27, 0.25, 0.32, 0.27, 0.26, 0.32, 1.90, 0.53, 0.30, 0.27, 0.30, 0.27, 0.26, 0.28
2006-07-22, 2.24, 0.26, 0.27, 0.28, 0.25, 0.24, 0.28, 1.49, 0.98, 0.29, 0.29, 0.28, 0.28, 0.26, 0.31, 1.73, 0.74, 0.30, 0.31, 0.27, 0.30, 0.27, 0.28, 2.13
2006-07-23, 0.26, 0.26, 0.26, 0.29, 0.27, 0.22, 1.31, 1.12, 0.25, 0.30, 0.28, 0.28, 0.31, 0.42, 2.02, 0.32, 0.28, 0.28, 0.28, 0.31, 0.30, 1.45, 0.97, 0.28
2006-07-24, 0.26, 0.28, 0.24, 0.27, 0.30, 2.17, 0.26, 0.31, 0.25, 0.29, 0.29, 0.27, 0.31, 2.31, 0.26, 0.31, 0.29, 0.28, 0.28, 0.29, 0.57, 1.90, 0.26, 0.27
2006-07-25, 0.25, 0.30, 0.26, 0.22, 2.09, 0.27, 0.24, 0.28, 0.26, 0.29, 0.30, 1.26, 1.16, 0.32, 0.26, 0.30, 0.29, 0.27, 0.31, 2.23, 0.29, 0.28, 0.26, 0.30
2006-07-26, 0.25, 0.25, 0.78, 1.64, 0.27, 0.27, 0.21, 0.31, 0.30, 0.24, 1.98, 0.53, 0.28, 0.32, 0.27, 0.28, 0.29, 0.29, 2.31, 0.28, 0.30, 0.30, 0.23, 0.29
2006-07-27, 0.29, 0.26, 2.16, 0.26, 0.28, 0.27, 0.26, 0.28, 0.26, 0.95, 1.71, 0.26, 0.30, 0.30, 0.26, 0.32, 0.31, 0.95, 1.47, 0.27, 0.31, 0.29, 0.26, 0.29
2006-07-28, 0.26, 1.67, 0.62, 0.27, 0.28, 0.26, 0.25, 0.28, 1.40, 1.18, 0.32, 0.26, 0.28, 0.31, 0.28, 0.30, 1.87, 0.62, 0.31, 0.25, 0.30, 0.31, 0.27, 0.28
2006-07-29, 2.02, 0.26, 0.27, 0.25, 0.29, 0.29, 0.22, 2.21, 0.30, 0.26, 0.31, 0.30, 0.27, 0.28, 0.68, 1.77, 0.31, 0.26, 0.32, 0.30, 0.27, 0.28, 1.71, 0.74
2006-07-30, 0.28, 0.25, 0.29, 0.27, 0.22, 0.28, 2.23, 0.26, 0.32, 0.30, 0.27, 0.29, 0.28, 1.30, 1.13, 0.28, 0.32, 0.29, 0.27, 0.31, 0.28, 2.19, 0.28, 0.27
2006-07-31, 0.29, 0.27, 0.25, 0.27, 1.39, 0.86, 0.29, 0.26, 0.29, 0.30, 0.24, 0.81, 1.73, 0.25, 0.30, 0.31, 0.26, 0.27, 0.30, 1.95, 0.47, 0.28, 0.26, 0.28
2006-08-01, 0.25, 0.25, 0.89, 1.57, 0.26, 0.29, 0.24, 0.28, 0.29, 0.24, 1.86, 0.76, 0.26, 0.30, 0.31, 0.27, 0.27, 0.29, 1.95, 0.43, 0.28, 0.29, 0.27, 0.25
2006-08-02, 0.27, 0.93, 1.46, 0.28, 0.28, 0.23, 0.29, 0.28, 0.24, 2.21, 0.29, 0.25, 0.30, 0.30, 0.27, 0.29, 1.24, 1.19, 0.27, 0.28, 0.29, 0.27, 0.26, 0.53
2006-08-03, 1.93, 0.25, 0.26, 0.25, 0.27, 0.27, 0.25, 1.87, 0.51, 0.26, 0.30, 0.28, 0.27, 0.29, 1.42, 1.00, 0.30, 0.30, 0.26, 0.31, 0.28, 0.24, 3.64, 2.71
2006-08-04, 1.35, 0.71, 0.86, 0.62, 0.66, 2.54, 0.59, 0.63, 0.82, 0.68, 4.75, 4.62, 4.07, 1.66, 2.32, 2.40, 1.89, 0.83, 1.28, 5.94, 0.81, 0.30, 0.54, 1.46
2006-08-05, 2.08, 0.74, 0.51, 0.46, 0.52, 0.47, 2.37, 0.65, 0.56, 0.51, 1.09, 2.73, 1.39, 0.75, 0.58, 3.38, 4.83, 0.65, 2.31, 0.69, 0.47, 0.69, 0.79, 1.04
2006-08-06, 2.35, 1.46, 0.42, 0.42, 0.47, 0.49, 0.49, 1.48, 1.30, 1.38, 2.93, 5.02, 3.51, 1.08, 0.67, 0.80, 0.87, 2.24, 1.07, 3.26, 1.58, 3.27, 0.98, 0.97
2006-08-07, 1.80, 0.51, 0.47, 0.47, 0.27, 0.46, 0.50, 1.90, 0.51, 0.60, 2.01, 4.21, 4.69, 1.07, 1.16, 1.57, 2.55, 0.52, 0.56, 1.56, 3.05, 1.35, 0.90, 0.74
2006-08-08, 0.46, 0.50, 1.55, 0.94, 0.49, 0.28, 0.46, 0.50, 0.44, 1.24, 3.59, 4.21, 4.28, 3.90, 3.07, 0.31, 0.30, 0.26, 0.29, 0.27, 0.34, 1.87, 0.27, 0.29
2006-08-09, 0.24, 0.26, 0.28, 1.52, 0.76, 0.28, 0.25, 0.26, 0.27, 0.28, 1.57, 0.85, 0.31, 0.27, 0.28, 0.30, 0.25, 0.27, 2.14, 0.30, 0.29, 0.25, 0.28, 0.26
2006-08-10, 0.24, 2.12, 0.33, 0.25, 0.26, 0.25, 0.27, 0.24, 1.16, 1.25, 0.25, 0.30, 0.27, 0.28, 0.30, 0.60, 1.67, 0.26, 0.31, 0.29, 0.26, 0.30, 1.86, 1.09
2006-08-11, 0.89, 1.66, 3.12, 1.03, 0.69, 0.68, 0.50, 0.65, 0.76, 2.05, 2.37, 4.97, 5.12, 1.27, 0.55, 0.99, 2.10, 0.66, 0.90, 0.63, 0.69, 0.89, 0.67, 2.52
2006-08-12, 1.30, 0.71, 0.50, 0.48, 0.49, 1.12, 1.56, 0.49, 0.46, 0.61, 5.53, 5.70, 3.60, 1.42, 2.14, 1.38, 1.79, 1.26, 0.86, 0.74, 0.87, 0.99, 1.52, 2.45
2006-08-13, 0.76, 1.05, 0.53, 0.64, 0.67, 0.86, 2.17, 0.53, 0.54, 0.81, 1.45, 4.56, 4.60, 5.80, 4.05, 3.02, 2.45, 0.83, 0.88, 0.91, 1.19, 2.24, 1.21, 0.67
2006-08-14, 0.54, 0.47, 0.89, 2.01, 0.52, 0.50, 0.85, 3.31, 0.60, 0.55, 3.55, 3.79, 3.17, 1.26, 0.86, 1.18, 1.02, 2.21, 0.53, 0.75, 0.66, 0.54, 0.92, 1.84
2006-08-15, 1.22, 0.50, 0.50, 0.47, 0.51, 0.46, 2.75, 3.16, 0.80, 0.73, 0.67, 2.16, 0.83, 0.70, 0.78, 1.52, 1.40, 2.65, 1.08, 0.97, 2.48, 2.73, 4.39, 2.23
2006-08-16, 0.77, 0.51, 0.80, 0.54, 2.34, 0.50, 0.82, 2.50, 2.76, 0.73, 3.20, 1.35, 0.71, 0.75, 0.85, 2.67, 2.63, 1.14, 1.31, 0.95, 1.42, 2.30, 0.78, 0.38
2006-08-17, 0.39, 0.46, 0.48, 0.67, 2.15, 0.50, 0.56, 0.60, 2.20, 0.73, 0.44, 0.49, 0.54, 0.47, 2.15, 0.50, 0.48, 0.68, 1.64, 4.67, 1.03, 2.05, 2.58, 1.11
2006-08-18, 2.03, 0.54, 0.78, 0.55, 0.63, 0.64, 2.17, 3.60, 2.49, 1.87, 1.62, 0.69, 0.55, 0.66, 1.95, 0.86, 0.92, 1.65, 2.51, 0.48, 0.51, 0.52, 2.02, 0.68
2006-08-19, 0.49, 0.55, 0.53, 0.77, 0.58, 2.15, 0.66, 0.63, 0.54, 0.58, 0.72, 2.13, 0.83, 0.77, 0.49, 0.54, 1.74, 5.16, 2.39, 6.45, 1.45, 1.40, 1.03, 0.75
2006-08-20, 2.12, 0.53, 0.66, 0.63, 0.54, 0.77, 1.70, 1.17, 0.72, 0.66, 4.15, 4.62, 3.42, 1.71, 2.08, 2.23, 2.82, 1.21, 0.66, 1.38, 1.74, 2.53, 1.68, 2.03
2006-08-21, 0.70, 0.61, 0.53, 0.78, 0.54, 2.30, 0.88, 3.49, 0.80, 0.74, 0.54, 1.45, 1.58, 0.84, 0.60, 1.57, 1.11, 2.38, 0.92, 0.69, 5.69, 2.49, 0.99, 1.16
2006-08-22, 1.21, 1.56, 0.76, 0.51, 0.47, 0.53, 2.06, 3.77, 1.64, 0.49, 0.53, 0.48, 0.49, 2.08, 0.44, 0.59, 1.71, 1.31, 3.05, 2.38, 0.95, 1.00, 1.12, 1.16
2006-08-23, 1.39, 0.47, 0.53, 0.45, 0.51, 0.46, 2.66, 2.98, 1.61, 0.65, 0.61, 1.05, 1.79, 0.81, 1.01, 1.52, 4.35, 3.25, 0.91, 2.56, 2.49, 1.56, 2.72, 0.75
2006-08-24, 0.46, 0.53, 0.48, 1.98, 0.60, 0.50, 0.57, 3.38, 3.55, 0.90, 0.57, 0.71, 0.74, 1.13, 2.00, 1.31, 2.38, 1.95, 2.90, 0.94, 0.94, 1.03, 4.04, 0.61
2006-08-25, 0.62, 0.71, 1.79, 0.91, 0.52, 0.64, 0.79, 2.86, 1.59, 0.71, 0.67, 0.82, 1.88, 1.12, 0.86, 0.99, 1.82, 0.99, 2.42, 0.70, 1.03, 2.01, 1.12, 0.83
2006-08-26, 2.14, 0.51, 0.48, 0.48, 0.49, 0.52, 0.47, 3.65, 5.56, 4.85, 1.73, 0.90, 0.56, 0.55, 4.81, 4.54, 5.50, 3.65, 1.71, 0.61, 0.73, 0.51, 0.55, 2.43
2006-08-27, 0.57, 0.74, 0.70, 0.68, 0.74, 0.92, 1.98, 0.45, 0.53, 2.02, 4.07, 0.71, 0.62, 0.75, 0.55, 2.19, 0.59, 0.55, 0.82, 0.55, 0.83, 4.57, 1.60, 1.10
2006-08-28, 0.61, 0.52, 0.67, 2.15, 0.47, 0.49, 0.57, 2.03, 1.86, 0.49, 0.51, 0.53, 0.63, 1.90, 0.72, 2.98, 5.73, 4.19, 2.24, 1.11, 1.02, 2.19, 2.01, 2.30
2006-08-29, 1.06, 0.81, 0.73, 0.65, 0.86, 0.51, 2.83, 1.60, 0.72, 2.17, 0.75, 0.99, 0.64, 0.80, 1.11, 2.34, 3.67, 2.63, 2.75, 5.87, 3.54, 2.24, 1.20, 0.87
2006-08-30, 1.98, 0.82, 0.54, 0.81, 0.56, 0.86, 2.04, 4.01, 3.02, 0.84, 0.67, 0.67, 0.71, 2.33, 0.73, 0.90, 1.73, 1.20, 1.78, 2.33, 1.86, 1.99, 1.41, 1.81
2006-08-31, 0.54, 0.73, 0.50, 0.50, 0.84, 2.20, 0.67, 1.62, 1.88, 0.75, 1.42, 2.02, 2.76, 0.91, 0.71, 1.63, 2.81, 2.29, 0.67, 1.16, 2.60, 2.12, 3.49, 0.87
2006-09-01, 0.75, 0.52, 0.50, 0.78, 1.27, 1.61, 0.81, 2.72, 1.32, 0.83, 0.62, 0.62, 2.02, 0.60, 1.02, 0.85, 0.76, 0.58, 2.34, 0.58, 0.54, 0.55, 0.50, 0.52
2006-09-02, 2.22, 0.46, 0.55, 0.48, 0.51, 0.53, 0.69, 2.16, 0.49, 0.53, 0.51, 0.54, 0.53, 0.98, 2.02, 0.49, 0.48, 0.47, 0.48, 0.52, 0.47, 2.41, 0.52, 0.50
2006-09-03, 0.56, 0.52, 0.53, 0.54, 1.99, 0.95, 0.48, 0.54, 0.49, 0.49, 0.52, 2.42, 0.49, 0.52, 0.50, 0.50, 0.52, 0.49, 1.71, 1.21, 0.59, 1.46, 1.15, 0.87
2006-09-04, 2.44, 0.70, 0.73, 0.80, 0.60, 0.82, 1.91, 4.09, 3.45, 0.86, 0.67, 0.65, 0.61, 0.64, 2.37, 1.33, 3.36, 2.95, 2.78, 1.12, 1.03, 1.16, 1.39, 2.65
2006-09-05, 0.72, 0.64, 0.79, 0.58, 0.82, 1.62, 1.49, 3.53, 1.80, 0.81, 0.50, 0.84, 1.94, 0.64, 0.92, 0.71, 1.10, 0.71, 4.11, 3.25, 2.07, 1.29, 2.48, 0.54
2006-09-06, 0.48, 0.80, 0.50, 1.72, 1.38, 0.52, 0.71, 4.26, 3.51, 1.20, 0.53, 0.90, 0.71, 1.01, 2.53, 1.40, 1.99, 3.26, 5.45, 1.23, 0.99, 1.22, 2.89, 1.24
2006-09-07, 0.83, 0.47, 0.52, 0.48, 0.49, 2.32, 0.59, 3.84, 3.26, 0.73, 0.68, 0.67, 0.62, 2.18, 0.80, 0.74, 0.60, 0.70, 0.55, 2.18, 0.52, 0.49, 1.81, 1.56
2006-09-08, 0.60, 1.95, 0.82, 0.49, 0.51, 0.51, 1.53, 4.27, 3.62, 3.11, 0.62, 0.84, 0.87, 0.62, 1.05, 2.64, 1.73, 1.85, 2.55, 1.12, 0.94, 1.62, 1.37, 2.15
2006-09-09, 1.02, 0.66, 0.68, 0.60, 0.50, 1.02, 2.00, 0.65, 2.11, 5.17, 3.94, 2.52, 1.58, 1.95, 1.53, 2.40, 2.04, 1.19, 1.92, 2.96, 1.78, 2.38, 0.00, 3.90
2006-09-10, 0.73, 0.68, 0.71, 0.66, 1.49, 1.63, 0.76, 0.86, 4.39, 4.59, 3.45, 1.87, 0.54, 0.87, 0.60, 0.76, 1.70, 1.34, 0.78, 0.61, 0.85, 0.67, 1.60, 1.97
2006-09-11, 0.83, 0.65, 0.81, 0.69, 0.73, 2.56, 1.15, 4.07, 3.70, 3.86, 0.61, 0.92, 0.76, 0.73, 0.94, 2.09, 1.87, 1.89, 1.30, 2.24, 1.41, 1.21, 1.03, 2.23
2006-09-12, 0.74, 0.48, 0.56, 0.70, 0.48, 1.36, 1.44, 1.81, 2.76, 0.86, 0.73, 0.85, 0.76, 2.13, 0.95, 1.16, 4.38, 2.28, 2.83, 1.07, 1.05, 1.19, 1.36, 2.01
2006-09-13, 0.54, 0.54, 0.72, 0.62, 0.53, 1.38, 2.07, 5.01, 2.37, 0.91, 0.63, 0.89, 0.79, 2.64, 0.91, 0.96, 1.59, 1.39, 2.70, 3.27, 2.99, 4.94, 3.60, 0.47
2006-09-14, 0.49, 0.47, 0.47, 1.63, 0.75, 0.37, 0.55, 3.70, 3.42, 1.64, 1.82, 1.41, 2.09, 1.07, 0.61, 0.62, 2.71, 4.87, 0.81, 0.88, 2.03, 2.71, 0.92, 0.83
2006-09-15, 0.48, 0.49, 0.48, 1.22, 1.68, 0.50, 0.52, 3.91, 3.61, 1.29, 0.62, 0.92, 0.63, 1.72, 1.63, 1.62, 2.66, 0.72, 4.87, 2.21, 1.40, 3.01, 1.10, 0.71
2006-09-16, 0.77, 0.86, 1.82, 0.54, 0.80, 0.53, 0.78, 0.63, 2.54, 5.97, 5.82, 3.64, 1.02, 2.21, 3.57, 1.30, 3.72, 2.29, 1.35, 1.13, 1.31, 3.10, 0.97, 0.98
2006-09-17, 0.97, 0.67, 0.47, 1.01, 1.88, 0.45, 0.50, 0.57, 0.88, 3.65, 4.20, 5.63, 2.03, 0.72, 0.99, 3.15, 4.03, 4.14, 1.77, 1.08, 3.06, 2.03, 0.81, 0.79
2006-09-18, 1.83, 0.77, 0.62, 0.64, 0.61, 1.43, 1.76, 3.07, 1.50, 0.91, 1.06, 1.41, 1.91, 0.91, 0.92, 1.77, 4.02, 3.43, 2.36, 1.76, 1.85, 1.02, 0.93, 0.74
2006-09-19, 1.81, 0.49, 0.52, 0.46, 0.53, 1.64, 2.10, 4.31, 3.67, 1.03, 0.88, 1.11, 0.83, 1.46, 2.08, 1.75, 1.25, 0.93, 1.24, 2.84, 1.46, 1.12, 2.52, 0.73
2006-09-20, 0.51, 0.85, 0.72, 0.71, 2.44, 0.52, 0.58, 3.27, 1.38, 0.77, 0.63, 0.77, 1.74, 1.30, 0.72, 1.67, 3.39, 2.28, 5.23, 2.51, 5.51, 4.30, 4.10, 1.15
2006-09-21, 0.68, 0.53, 0.68, 0.65, 2.30, 0.65, 0.77, 3.31, 1.39, 0.86, 0.77, 0.86, 2.06, 0.89, 0.71, 1.18, 1.26, 5.72, 3.83, 1.11, 1.11, 1.80, 3.58, 0.66
2006-09-22, 0.53, 0.58, 0.48, 0.54, 2.07, 0.48, 0.63, 3.96, 3.50, 1.80, 0.63, 0.55, 0.54, 1.98, 0.69, 0.74, 2.15, 1.82, 2.50, 1.21, 3.30, 1.48, 1.17, 2.55
2006-09-23, 0.98, 0.77, 0.55, 0.49, 0.46, 0.52, 2.26, 0.50, 2.14, 5.02, 3.21, 0.54, 0.75, 0.57, 0.69, 2.25, 0.57, 0.78, 0.57, 0.81, 0.53, 0.82, 2.33, 0.82
2006-09-24, 0.54, 0.82, 0.60, 0.81, 1.46, 1.72, 0.70, 0.71, 0.75, 0.62, 0.84, 2.10, 1.15, 0.54, 0.88, 1.02, 3.23, 4.59, 2.19, 1.40, 1.63, 3.12, 1.27, 0.73
2006-09-25, 0.49, 0.57, 1.81, 0.47, 0.55, 0.66, 0.51, 3.98, 1.45, 1.05, 0.77, 1.07, 2.23, 1.02, 0.84, 1.73, 1.51, 1.06, 3.21, 2.97, 1.56, 2.78, 2.59, 0.47
2006-09-26, 0.47, 0.51, 0.51, 2.16, 0.60, 0.49, 0.64, 3.92, 3.61, 0.95, 0.76, 0.85, 0.88, 0.80, 2.71, 0.95, 0.84, 1.16, 1.41, 3.60, 2.42, 1.10, 1.14, 0.57
2006-09-27, 1.27, 1.33, 0.47, 0.49, 0.59, 0.58, 1.05, 3.92, 1.09, 0.54, 0.57, 0.67, 2.30, 0.73, 0.70, 0.70, 1.63, 5.33, 2.95, 0.74, 1.25, 1.38, 2.70, 1.43
2006-09-28, 0.69, 0.52, 0.83, 0.52, 1.40, 1.71, 1.23, 4.40, 1.74, 1.31, 1.88, 1.50, 2.23, 0.67, 0.73, 1.29, 3.34, 2.74, 2.05, 1.15, 1.01, 5.59, 2.69, 0.28
2006-09-29, 0.21, 0.30, 1.77, 0.86, 0.46, 0.56, 2.49, 4.85, 2.49, 0.62, 0.69, 0.48, 0.54, 1.73, 1.15, 0.73, 1.09, 2.09, 4.11, 3.28, 1.18, 0.91, 1.02, 0.78
2006-09-30, 2.31, 0.81, 0.64, 0.88, 0.64, 0.80, 1.63, 1.38, 0.72, 5.40, 4.54, 4.44, 1.88, 0.69, 2.07, 3.57, 4.42, 2.10, 2.09, 4.19, 2.06, 1.36, 4.84, 0.90