#Y-2010
#M-Jan
2.05, 2.00, 2.02, 1.86, 1.88, 1.99, 3.43, 5.41, 3.38, 2.35, 4.71, 4.51, 4.49, 4.25, 3.90, 3.17, 4.69, 2.45, 2.98, 4.60, 4.38, 3.73, 3.65, 3.75
1.33, 1.58, 2.15, 2.39, 2.33, 2.44, 2.49, 4.19, 2.61, 2.42, 4.91, 6.27, 4.16, 5.29, 4.64, 2.94, 4.92, 2.63, 3.15, 5.41, 3.65, 3.62, 3.56, 3.50
2.63, 1.48, 1.59, 1.69, 1.74, 1.79, 2.97, 4.99, 3.17, 3.01, 4.75, 4.80, 3.82, 3.46, 2.01, 2.33, 3.39, 2.32, 2.37, 1.82, 4.29, 2.00, 1.78, 1.72
1.03, 1.13, 1.30, 1.56, 1.58, 1.71, 2.92, 4.96, 1.81, 1.86, 4.32, 3.51, 2.64, 2.48, 3.79, 1.94, 3.32, 1.08, 1.48, 5.11, 3.57, 3.55, 3.58, 3.55
2.66, 1.94, 1.91, 2.21, 2.39, 2.23, 2.15, 4.21, 2.58, 2.64, 5.07, 5.15, 4.40, 4.16, 3.53, 4.78, 3.95, 2.70, 3.29, 5.92, 4.12, 4.09, 4.09, 4.05
2.89, 2.47, 2.68, 2.77, 2.78, 2.67, 2.59, 4.41, 2.84, 2.91, 5.34, 5.32, 5.14, 4.48, 4.34, 3.89, 4.14, 1.91, 4.62, 5.85, 4.20, 4.04, 4.15, 3.98
1.42, 1.80, 2.40, 2.68, 2.67, 2.61, 2.53, 4.45, 4.18, 4.02, 5.60, 5.09, 4.84, 4.25, 4.04, 3.80, 4.41, 1.42, 4.40, 4.77, 4.05, 4.11, 3.97, 3.88
2.87, 2.39, 2.41, 2.69, 2.64, 2.46, 4.48, 5.20, 1.37, 3.46, 4.58, 5.88, 4.74, 4.03, 4.06, 3.39, 3.37, 3.51, 4.57, 4.54, 3.92, 3.99, 3.94, 3.92
2.41, 1.75, 2.18, 2.20, 2.26, 2.11, 2.50, 5.66, 4.04, 2.88, 4.92, 6.07, 5.53, 5.03, 3.22, 2.88, 4.56, 2.60, 3.05, 5.33, 3.73, 3.69, 3.84, 3.68
1.43, 1.43, 1.96, 2.16, 2.39, 2.40, 2.34, 4.33, 2.76, 3.78, 6.17, 5.92, 5.20, 4.86, 2.85, 2.58, 5.39, 2.48, 2.89, 3.74, 4.49, 3.45, 3.36, 3.33
2.54, 1.63, 1.47, 1.68, 1.88, 1.86, 3.02, 5.14, 0.80, 1.13, 5.59, 3.82, 2.75, 2.22, 2.09, 2.07, 2.37, 2.34, 3.58, 3.68, 3.36, 3.31, 3.38, 3.34
2.56, 1.20, 1.39, 1.68, 1.96, 2.14, 3.36, 5.24, 3.22, 3.73, 3.16, 4.26, 3.30, 2.56, 2.58, 2.66, 3.97, 1.24, 2.68, 5.03, 3.34, 3.46, 3.45, 3.52
2.65, 1.25, 1.76, 2.13, 2.22, 2.09, 3.34, 4.48, 2.48, 2.28, 4.76, 4.58, 3.55, 2.73, 2.47, 2.57, 4.07, 1.31, 2.90, 4.01, 4.55, 3.62, 3.45, 3.46
2.60, 1.93, 1.80, 2.11, 2.25, 2.08, 2.06, 5.43, 3.41, 2.49, 4.75, 4.34, 3.63, 3.01, 2.83, 3.52, 3.90, 2.48, 2.70, 3.76, 5.11, 3.64, 3.64, 3.60
2.70, 2.72, 1.70, 1.94, 2.13, 2.16, 2.89, 6.10, 2.00, 1.73, 4.75, 5.64, 3.86, 2.98, 2.56, 2.49, 3.91, 2.48, 2.92, 5.04, 3.51, 3.49, 3.38, 3.41
2.30, 1.30, 1.38, 1.46, 1.59, 1.56, 2.95, 4.96, 2.96, 3.11, 4.68, 4.79, 3.49, 3.20, 2.04, 1.90, 4.73, 2.25, 2.34, 2.74, 4.47, 3.21, 3.13, 3.15
1.03, 1.03, 1.15, 1.52, 1.63, 1.75, 1.78, 3.79, 2.02, 1.69, 4.02, 4.60, 3.64, 2.91, 3.35, 3.15, 4.81, 1.06, 2.31, 2.67, 4.24, 3.13, 3.10, 2.79
1.25, 1.13, 1.07, 1.32, 1.47, 1.77, 3.02, 5.02, 2.17, 1.95, 4.33, 3.44, 2.49, 2.27, 2.10, 2.06, 3.24, 2.37, 2.92, 2.97, 4.55, 3.30, 2.92, 2.01
1.13, 1.05, 1.10, 1.40, 1.75, 1.86, 1.83, 3.82, 2.09, 1.95, 4.13, 3.33, 2.26, 2.05, 2.17, 2.17, 2.19, 4.77, 2.34, 2.42, 3.84, 3.25, 3.23, 3.17
1.99, 1.33, 1.47, 1.57, 1.63, 1.61, 1.54, 3.83, 2.11, 1.99, 4.41, 3.72, 2.72, 2.17, 1.96, 2.05, 3.47, 1.17, 2.99, 2.92, 4.52, 3.36, 3.22, 3.18
2.05, 1.28, 1.32, 1.41, 1.54, 1.58, 1.68, 3.81, 3.34, 3.16, 4.84, 3.61, 2.50, 2.27, 2.09, 2.10, 2.54, 2.85, 2.31, 2.51, 4.16, 3.20, 3.16, 3.12
1.90, 1.25, 1.25, 1.43, 1.37, 1.47, 2.97, 4.94, 1.94, 1.77, 4.19, 3.39, 2.62, 2.45, 2.43, 2.45, 3.79, 1.19, 2.52, 3.24, 4.67, 3.37, 3.28, 3.28
2.52, 1.14, 1.31, 1.76, 1.94, 1.94, 1.98, 3.91, 3.47, 3.31, 5.67, 3.71, 2.81, 3.72, 3.63, 2.25, 4.82, 2.37, 3.01, 2.92, 4.56, 3.42, 3.25, 1.99
1.32, 1.31, 1.41, 1.67, 1.88, 1.79, 3.23, 5.12, 2.03, 2.08, 5.71, 5.09, 4.13, 3.61, 3.58, 2.46, 2.94, 2.90, 2.23, 2.51, 4.20, 3.16, 3.15, 2.85
1.25, 1.04, 1.01, 1.20, 1.42, 1.59, 2.86, 4.85, 2.00, 2.48, 3.87, 2.81, 2.05, 1.99, 1.95, 1.97, 3.06, 2.23, 0.90, 3.92, 2.93, 2.96, 3.00, 2.91
2.04, 1.23, 1.17, 1.22, 1.38, 1.49, 1.64, 5.23, 0.75, 1.80, 4.12, 3.19, 2.04, 1.94, 1.87, 1.97, 3.45, 2.31, 2.42, 4.05, 2.99, 2.97, 2.94, 2.94
2.41, 2.39, 1.75, 1.21, 1.44, 1.38, 2.79, 5.66, 0.96, 1.78, 5.01, 1.63, 1.83, 1.68, 1.76, 1.87, 3.08, 1.09, 2.35, 2.76, 4.43, 3.11, 3.08, 3.11
2.46, 1.77, 1.23, 1.39, 1.53, 1.45, 2.89, 4.07, 1.96, 1.83, 4.15, 3.04, 2.05, 1.94, 1.97, 2.19, 3.95, 2.29, 1.42, 4.02, 3.17, 3.14, 3.16, 3.17
2.49, 1.23, 1.32, 1.56, 1.76, 1.83, 3.58, 5.37, 1.25, 2.48, 4.44, 3.68, 2.62, 2.29, 2.16, 2.28, 2.42, 2.43, 3.65, 3.71, 3.30, 3.34, 3.42, 3.45
2.63, 1.18, 1.68, 2.05, 2.11, 2.19, 2.13, 4.09, 2.37, 2.07, 4.48, 5.63, 3.45, 4.20, 2.62, 2.63, 5.96, 2.55, 2.97, 5.29, 3.80, 3.78, 3.65, 3.73
2.71, 1.38, 1.89, 2.27, 2.41, 2.46, 3.68, 5.65, 2.42, 2.41, 4.95, 4.80, 5.26, 3.51, 2.94, 3.01, 4.83, 2.52, 3.16, 4.92, 4.48, 3.73, 3.72, 3.69
