St.no;Year;Mnth;Date;Time(NMT);TA
68860;2010;1;1;1;-6.1
68860;2010;1;1;2;-6.2
68860;2010;1;1;3;-6.4
68860;2010;1;1;4;-7.6
68860;2010;1;1;5;-8.3
68860;2010;1;1;6;-10.0
68860;2010;1;1;7;-10.7
68860;2010;1;1;8;-10.1
68860;2010;1;1;9;-10.0
68860;2010;1;1;10;-10.2
68860;2010;1;1;11;-11.1
68860;2010;1;1;12;-9.6
68860;2010;1;1;13;-9.7
68860;2010;1;1;14;-10.1
68860;2010;1;1;15;-11.3
68860;2010;1;1;16;-9.9
68860;2010;1;1;17;-9.9
68860;2010;1;1;18;-10.0
68860;2010;1;1;19;-11.3
68860;2010;1;1;20;-12.2
68860;2010;1;1;21;-12.8
68860;2010;1;1;22;-12.0
68860;2010;1;1;23;-11.8
68860;2010;1;1;24;-13.2
68860;2010;1;2;1;-11.0
68860;2010;1;2;2;-13.0
68860;2010;1;2;3;-14.4
68860;2010;1;2;4;-14.1
68860;2010;1;2;5;-12.5
68860;2010;1;2;6;-14.8
68860;2010;1;2;7;-16.0
68860;2010;1;2;8;-15.1
68860;2010;1;2;9;-16.0
68860;2010;1;2;10;-15.6
68860;2010;1;2;11;-14.5
68860;2010;1;2;12;-15.7
68860;2010;1;2;13;-14.6
68860;2010;1;2;14;-14.8
68860;2010;1;2;15;-14.4
68860;2010;1;2;16;-13.7
68860;2010;1;2;17;-13.8
68860;2010;1;2;18;-14.1
68860;2010;1;2;19;-13.2
68860;2010;1;2;20;-12.3
68860;2010;1;2;21;-10.8
68860;2010;1;2;22;-10.5
68860;2010;1;2;23;-9.5
68860;2010;1;2;24;-8.8
68860;2010;1;3;1;-8.4
68860;2010;1;3;2;-6.8
68860;2010;1;3;3;-4.6
68860;2010;1;3;4;-2.9
68860;2010;1;3;5;-2.4
68860;2010;1;3;6;-2.5
68860;2010;1;3;7;-2.0
68860;2010;1;3;8;-1.8
68860;2010;1;3;9;0.1
68860;2010;1;3;10;1.0
68860;2010;1;3;11;0.2
68860;2010;1;3;12;-0.6
68860;2010;1;3;13;-1.0
68860;2010;1;3;14;-1.0
68860;2010;1;3;15;-1.1
68860;2010;1;3;16;-2.8
68860;2010;1;3;17;-1.7
68860;2010;1;3;18;-2.5
68860;2010;1;3;19;-1.9
68860;2010;1;3;20;-2.3
68860;2010;1;3;21;-2.5
68860;2010;1;3;22;-2.4
68860;2010;1;3;23;-2.3
68860;2010;1;3;24;-2.2
68860;2010;1;4;1;-1.8
68860;2010;1;4;2;-2.3
68860;2010;1;4;3;-2.0
68860;2010;1;4;4;-2.0
68860;2010;1;4;5;-0.4
68860;2010;1;4;6;-0.8
68860;2010;1;4;7;-1.6
68860;2010;1;4;8;-1.3
68860;2010;1;4;9;-1.2
68860;2010;1;4;10;-2.3
68860;2010;1;4;11;-2.2
68860;2010;1;4;12;-2.9
68860;2010;1;4;13;-3.9
68860;2010;1;4;14;-4.7
68860;2010;1;4;15;-4.7
68860;2010;1;4;16;-5.6
68860;2010;1;4;17;-7.6
68860;2010;1;4;18;-7.8
68860;2010;1;4;19;-9.5
68860;2010;1;4;20;-9.4
68860;2010;1;4;21;-8.8
68860;2010;1;4;22;-9.8
68860;2010;1;4;23;-9.7
68860;2010;1;4;24;-9.8
68860;2010;1;5;1;-9.7
68860;2010;1;5;2;-10.2
68860;2010;1;5;3;-10.5
68860;2010;1;5;4;-11.8
68860;2010;1;5;5;-13.6
68860;2010;1;5;6;-13.6
68860;2010;1;5;7;-14.0
68860;2010;1;5;8;-15.0
68860;2010;1;5;9;-14.4
68860;2010;1;5;10;-15.2
68860;2010;1;5;11;-15.7
68860;2010;1;5;12;-17.7
68860;2010;1;5;13;-17.3
68860;2010;1;5;14;-16.9
68860;2010;1;5;15;-16.9
68860;2010;1;5;16;-16.6
68860;2010;1;5;17;-17.6
68860;2010;1;5;18;-18.1
68860;2010;1;5;19;-18.5
68860;2010;1;5;20;-18.8
68860;2010;1;5;21;-19.2
68860;2010;1;5;22;-19.7
68860;2010;1;5;23;-20.0
68860;2010;1;5;24;-19.1
68860;2010;1;6;1;-20.5
68860;2010;1;6;2;-21.3
68860;2010;1;6;3;-21.0
68860;2010;1;6;4;-21.1
68860;2010;1;6;5;-21.3
68860;2010;1;6;6;-20.8
68860;2010;1;6;7;-21.5
68860;2010;1;6;8;-20.1
68860;2010;1;6;9;-19.6
68860;2010;1;6;10;-21.1
68860;2010;1;6;11;-20.9
68860;2010;1;6;12;-20.9
68860;2010;1;6;13;-19.8
68860;2010;1;6;14;-19.8
68860;2010;1;6;15;-19.8
68860;2010;1;6;16;-19.9
68860;2010;1;6;17;-20.0
68860;2010;1;6;18;-20.6
68860;2010;1;6;19;-20.2
68860;2010;1;6;20;-20.3
68860;2010;1;6;21;-21.0
68860;2010;1;6;22;-18.9
68860;2010;1;6;23;-20.5
68860;2010;1;6;24;-18.2
68860;2010;1;7;1;-20.1
68860;2010;1;7;2;-20.5
68860;2010;1;7;3;-19.8
68860;2010;1;7;4;-19.5
68860;2010;1;7;5;-18.7
68860;2010;1;7;6;-17.9
68860;2010;1;7;7;-16.4
68860;2010;1;7;8;-15.9
68860;2010;1;7;9;-18.3
68860;2010;1;7;10;-18.7
68860;2010;1;7;11;-17.8
68860;2010;1;7;12;-16.9
68860;2010;1;7;13;-16.5
68860;2010;1;7;14;-17.6
68860;2010;1;7;15;-17.5
68860;2010;1;7;16;-15.9
68860;2010;1;7;17;-14.1
68860;2010;1;7;18;-14.3
68860;2010;1;7;19;-17.9
68860;2010;1;7;20;-19.4
68860;2010;1;7;21;-19.2
68860;2010;1;7;22;-19.6
68860;2010;1;7;23;-17.7
68860;2010;1;7;24;-16.1
68860;2010;1;8;1;-19.1
68860;2010;1;8;2;-18.0
68860;2010;1;8;3;-16.8
68860;2010;1;8;4;-19.5
68860;2010;1;8;5;-18.5
68860;2010;1;8;6;-18.6
68860;2010;1;8;7;-16.6
68860;2010;1;8;8;-19.0
68860;2010;1;8;9;-18.9
68860;2010;1;8;10;-19.3
68860;2010;1;8;11;-17.8
68860;2010;1;8;12;-16.9
68860;2010;1;8;13;-18.0
68860;2010;1;8;14;-17.3
68860;2010;1;8;15;-17.5
68860;2010;1;8;16;-15.0
68860;2010;1;8;17;-16.8
68860;2010;1;8;18;-18.4
68860;2010;1;8;19;-17.8
68860;2010;1;8;20;-15.9
68860;2010;1;8;21;-16.6
68860;2010;1;8;22;-17.9
68860;2010;1;8;23;-16.7
68860;2010;1;8;24;-16.5
68860;2010;1;9;1;-14.6
68860;2010;1;9;2;-16.1
68860;2010;1;9;3;-16.4
68860;2010;1;9;4;-14.2
68860;2010;1;9;5;-15.5
68860;2010;1;9;6;-12.7
68860;2010;1;9;7;-15.8
68860;2010;1;9;8;-15.7
68860;2010;1;9;9;-15.3
68860;2010;1;9;10;-14.1
68860;2010;1;9;11;-13.0
68860;2010;1;9;12;-12.3
68860;2010;1;9;13;-12.2
68860;2010;1;9;14;-11.8
68860;2010;1;9;15;-13.7
68860;2010;1;9;16;-12.7
68860;2010;1;9;17;-11.3
68860;2010;1;9;18;-12.1
68860;2010;1;9;19;-12.1
68860;2010;1;9;20;-12.2
68860;2010;1;9;21;-11.5
68860;2010;1;9;22;-12.6
68860;2010;1;9;23;-15.0
68860;2010;1;9;24;-14.8
68860;2010;1;10;1;-13.4
68860;2010;1;10;2;-13.9
68860;2010;1;10;3;-14.5
68860;2010;1;10;4;-14.3
68860;2010;1;10;5;-14.2
68860;2010;1;10;6;-13.8
68860;2010;1;10;7;-13.3
68860;2010;1;10;8;-13.0
68860;2010;1;10;9;-14.6
68860;2010;1;10;10;-14.3
68860;2010;1;10;11;-14.0
68860;2010;1;10;12;-12.4
68860;2010;1;10;13;-11.2
68860;2010;1;10;14;-10.3
68860;2010;1;10;15;-9.7
68860;2010;1;10;16;-8.9
68860;2010;1;10;17;-8.3
68860;2010;1;10;18;-7.7
68860;2010;1;10;19;-7.5
68860;2010;1;10;20;-7.0
68860;2010;1;10;21;-6.4
68860;2010;1;10;22;-6.7
68860;2010;1;10;23;-5.9
68860;2010;1;10;24;-5.5
68860;2010;1;11;1;-5.4
68860;2010;1;11;2;-4.7
68860;2010;1;11;3;-4.3
68860;2010;1;11;4;-3.9
68860;2010;1;11;5;-4.0
68860;2010;1;11;6;-3.9
68860;2010;1;11;7;-3.6
68860;2010;1;11;8;-4.2
68860;2010;1;11;9;-4.1
68860;2010;1;11;10;-3.7
68860;2010;1;11;11;-3.1
68860;2010;1;11;12;-2.6
68860;2010;1;11;13;-2.8
68860;2010;1;11;14;-3.2
68860;2010;1;11;15;-2.3
68860;2010;1;11;16;-2.7
68860;2010;1;11;17;-3.7
68860;2010;1;11;18;-3.1
68860;2010;1;11;19;-3.7
68860;2010;1;11;20;-4.1
68860;2010;1;11;21;-5.9
68860;2010;1;11;22;-5.1
68860;2010;1;11;23;-5.9
68860;2010;1;11;24;-5.5
68860;2010;1;12;1;-8.1
68860;2010;1;12;2;-6.7
68860;2010;1;12;3;-6.3
68860;2010;1;12;4;-6.9
68860;2010;1;12;5;-8.2
68860;2010;1;12;6;-9.5
68860;2010;1;12;7;-9.2
68860;2010;1;12;8;-6.9
68860;2010;1;12;9;-7.1
68860;2010;1;12;10;-8.7
68860;2010;1;12;11;-7.4
68860;2010;1;12;12;-7.6
68860;2010;1;12;13;-7.2
68860;2010;1;12;14;-7.4
68860;2010;1;12;15;-7.2
68860;2010;1;12;16;-7.3
68860;2010;1;12;17;-7.8
68860;2010;1;12;18;-6.9
68860;2010;1;12;19;-6.2
68860;2010;1;12;20;-6.7
68860;2010;1;12;21;-5.3
68860;2010;1;12;22;-7.5
68860;2010;1;12;23;-8.0
68860;2010;1;12;24;-8.8
68860;2010;1;13;1;-9.8
68860;2010;1;13;2;-10.6
68860;2010;1;13;3;-10.0
68860;2010;1;13;4;-9.5
68860;2010;1;13;5;-10.8
68860;2010;1;13;6;-8.3
68860;2010;1;13;7;-8.9
68860;2010;1;13;8;-9.2
68860;2010;1;13;9;-9.4
68860;2010;1;13;10;-8.7
68860;2010;1;13;11;-10.4
68860;2010;1;13;12;-10.5
68860;2010;1;13;13;-8.9
68860;2010;1;13;14;-7.6
68860;2010;1;13;15;-6.8
68860;2010;1;13;16;-7.3
68860;2010;1;13;17;-7.1
68860;2010;1;13;18;-8.3
68860;2010;1;13;19;-9.1
68860;2010;1;13;20;-9.6
68860;2010;1;13;21;-7.8
68860;2010;1;13;22;-9.8
68860;2010;1;13;23;-7.7
68860;2010;1;13;24;-7.7
68860;2010;1;14;1;-8.0
68860;2010;1;14;2;-8.7
68860;2010;1;14;3;-9.7
68860;2010;1;14;4;-9.7
68860;2010;1;14;5;-11.0
68860;2010;1;14;6;-12.2
68860;2010;1;14;7;-11.7
68860;2010;1;14;8;-11.0
68860;2010;1;14;9;-11.2
68860;2010;1;14;10;-12.2
68860;2010;1;14;11;-11.4
68860;2010;1;14;12;-9.1
68860;2010;1;14;13;-9.7
68860;2010;1;14;14;-9.3
68860;2010;1;14;15;-9.2
68860;2010;1;14;16;-8.4
68860;2010;1;14;17;-8.6
68860;2010;1;14;18;-9.4
68860;2010;1;14;19;-9.8
68860;2010;1;14;20;-11.5
68860;2010;1;14;21;-12.1
68860;2010;1;14;22;-10.1
68860;2010;1;14;23;-11.0
68860;2010;1;14;24;-10.9
68860;2010;1;15;1;-11.1
68860;2010;1;15;2;-10.9
68860;2010;1;15;3;-10.7
68860;2010;1;15;4;-10.0
68860;2010;1;15;5;-10.2
68860;2010;1;15;6;-9.4
68860;2010;1;15;7;-9.5
68860;2010;1;15;8;-9.2
68860;2010;1;15;9;-9.0
68860;2010;1;15;10;-9.4
68860;2010;1;15;11;-8.8
68860;2010;1;15;12;-8.7
68860;2010;1;15;13;-9.0
68860;2010;1;15;14;-8.0
68860;2010;1;15;15;-8.0
68860;2010;1;15;16;-7.8
68860;2010;1;15;17;-7.8
68860;2010;1;15;18;-7.8
68860;2010;1;15;19;-7.7
68860;2010;1;15;20;-8.7
68860;2010;1;15;21;-8.0
68860;2010;1;15;22;-8.0
68860;2010;1;15;23;-6.6
68860;2010;1;15;24;-6.8
68860;2010;1;16;1;-6.3
68860;2010;1;16;2;-4.1
68860;2010;1;16;3;-5.9
68860;2010;1;16;4;-3.5
68860;2010;1;16;5;-3.4
68860;2010;1;16;6;-1.4
68860;2010;1;16;7;-1.3
68860;2010;1;16;8;-1.2
68860;2010;1;16;9;-1.7
68860;2010;1;16;10;-1.7
68860;2010;1;16;11;-1.6
68860;2010;1;16;12;-1.2
68860;2010;1;16;13;-0.7
68860;2010;1;16;14;-0.4
68860;2010;1;16;15;-0.1
68860;2010;1;16;16;0.1
68860;2010;1;16;17;-0.2
68860;2010;1;16;18;-0.4
68860;2010;1;16;19;-0.9
68860;2010;1;16;20;-1.6
68860;2010;1;16;21;-2.2
68860;2010;1;16;22;-1.8
68860;2010;1;16;23;-1.6
68860;2010;1;16;24;-1.6
68860;2010;1;17;1;-1.3
68860;2010;1;17;2;-1.4
68860;2010;1;17;3;-1.3
68860;2010;1;17;4;-1.5
68860;2010;1;17;5;-1.5
68860;2010;1;17;6;-1.7
68860;2010;1;17;7;-2.1
68860;2010;1;17;8;-2.1
68860;2010;1;17;9;-1.6
68860;2010;1;17;10;-1.6
68860;2010;1;17;11;-1.3
68860;2010;1;17;12;-1.1
68860;2010;1;17;13;-1.3
68860;2010;1;17;14;-1.4
68860;2010;1;17;15;-1.4
68860;2010;1;17;16;-1.1
68860;2010;1;17;17;-0.9
68860;2010;1;17;18;-0.6
68860;2010;1;17;19;-0.4
68860;2010;1;17;20;-0.7
68860;2010;1;17;21;-0.6
68860;2010;1;17;22;-0.8
68860;2010;1;17;23;-1.1
68860;2010;1;17;24;-1.2
68860;2010;1;18;1;-1.3
68860;2010;1;18;2;-1.7
68860;2010;1;18;3;-1.8
68860;2010;1;18;4;-2.0
68860;2010;1;18;5;-2.1
68860;2010;1;18;6;-2.4
68860;2010;1;18;7;-2.6
68860;2010;1;18;8;-2.5
68860;2010;1;18;9;-2.8
68860;2010;1;18;10;-2.6
68860;2010;1;18;11;-2.1
68860;2010;1;18;12;-1.9
68860;2010;1;18;13;-1.7
68860;2010;1;18;14;-1.9
68860;2010;1;18;15;-2.1
68860;2010;1;18;16;-2.1
68860;2010;1;18;17;-2.4
68860;2010;1;18;18;-2.4
68860;2010;1;18;19;-2.6
68860;2010;1;18;20;-4.0
68860;2010;1;18;21;-4.9
68860;2010;1;18;22;-3.2
68860;2010;1;18;23;-3.2
68860;2010;1;18;24;-3.6
68860;2010;1;19;1;-3.6
68860;2010;1;19;2;-2.4
68860;2010;1;19;3;-2.1
68860;2010;1;19;4;-2.4
68860;2010;1;19;5;-2.7
68860;2010;1;19;6;-3.6
68860;2010;1;19;7;-3.2
68860;2010;1;19;8;-2.9
68860;2010;1;19;9;-2.6
68860;2010;1;19;10;-2.1
68860;2010;1;19;11;-1.8
68860;2010;1;19;12;-1.4
68860;2010;1;19;13;-1.0
68860;2010;1;19;14;-0.8
68860;2010;1;19;15;-0.7
68860;2010;1;19;16;-0.3
68860;2010;1;19;17;-1.0
68860;2010;1;19;18;-0.9
68860;2010;1;19;19;-1.2
68860;2010;1;19;20;-0.7
68860;2010;1;19;21;-2.2
68860;2010;1;19;22;-3.0
68860;2010;1;19;23;-3.4
68860;2010;1;19;24;-2.4
68860;2010;1;20;1;-4.1
68860;2010;1;20;2;-4.6
68860;2010;1;20;3;-5.2
68860;2010;1;20;4;-4.1
68860;2010;1;20;5;-4.4
68860;2010;1;20;6;-3.2
68860;2010;1;20;7;-1.1
68860;2010;1;20;8;-3.2
68860;2010;1;20;9;-2.8
68860;2010;1;20;10;-3.0
68860;2010;1;20;11;-3.9
68860;2010;1;20;12;-3.1
68860;2010;1;20;13;-3.0
68860;2010;1;20;14;-2.4
68860;2010;1;20;15;-0.5
68860;2010;1;20;16;-1.7
68860;2010;1;20;17;-3.5
68860;2010;1;20;18;-3.7
68860;2010;1;20;19;-3.7
68860;2010;1;20;20;-4.6
68860;2010;1;20;21;-3.4
68860;2010;1;20;22;-4.7
68860;2010;1;20;23;-3.4
68860;2010;1;20;24;-2.4
68860;2010;1;21;1;-2.8
68860;2010;1;21;2;-2.8
68860;2010;1;21;3;-2.6
68860;2010;1;21;4;-3.1
68860;2010;1;21;5;-3.1
68860;2010;1;21;6;-2.7
68860;2010;1;21;7;-2.6
68860;2010;1;21;8;-2.6
68860;2010;1;21;9;-2.8
68860;2010;1;21;10;-2.4
68860;2010;1;21;11;-2.2
68860;2010;1;21;12;-2.1
68860;2010;1;21;13;-1.5
68860;2010;1;21;14;-1.6
68860;2010;1;21;15;-1.7
68860;2010;1;21;16;-2.4
68860;2010;1;21;17;-2.8
68860;2010;1;21;18;-2.6
68860;2010;1;21;19;-2.2
68860;2010;1;21;20;-2.2
68860;2010;1;21;21;-2.3
68860;2010;1;21;22;-2.0
68860;2010;1;21;23;-2.0
68860;2010;1;21;24;-1.6
68860;2010;1;22;1;-1.6
68860;2010;1;22;2;-1.5
68860;2010;1;22;3;-1.2
68860;2010;1;22;4;-0.9
68860;2010;1;22;5;-1.0
68860;2010;1;22;6;-1.1
68860;2010;1;22;7;-1.5
68860;2010;1;22;8;-1.9
68860;2010;1;22;9;-2.8
68860;2010;1;22;10;-3.2
68860;2010;1;22;11;-3.7
68860;2010;1;22;12;-3.1
68860;2010;1;22;13;-3.5
68860;2010;1;22;14;-3.9
68860;2010;1;22;15;-3.9
68860;2010;1;22;16;-4.4
68860;2010;1;22;17;-5.4
68860;2010;1;22;18;-4.9
68860;2010;1;22;19;-5.0
68860;2010;1;22;20;-4.4
68860;2010;1;22;21;-4.2
68860;2010;1;22;22;-4.7
68860;2010;1;22;23;-4.3
68860;2010;1;22;24;-4.0
68860;2010;1;23;1;-4.5
68860;2010;1;23;2;-5.6
68860;2010;1;23;3;-5.6
68860;2010;1;23;4;-5.4
68860;2010;1;23;5;-5.3
68860;2010;1;23;6;-5.2
68860;2010;1;23;7;-5.9
68860;2010;1;23;8;-5.4
68860;2010;1;23;9;-5.5
68860;2010;1;23;10;-4.5
68860;2010;1;23;11;-4.9
68860;2010;1;23;12;-4.3
68860;2010;1;23;13;-4.3
68860;2010;1;23;14;-3.9
68860;2010;1;23;15;-3.8
68860;2010;1;23;16;-4.3
68860;2010;1;23;17;-4.0
68860;2010;1;23;18;-3.9
68860;2010;1;23;19;-4.2
68860;2010;1;23;20;-4.0
68860;2010;1;23;21;-4.7
68860;2010;1;23;22;-5.3
68860;2010;1;23;23;-4.4
68860;2010;1;23;24;-3.4
68860;2010;1;24;1;-4.6
68860;2010;1;24;2;-3.6
68860;2010;1;24;3;-3.7
68860;2010;1;24;4;-4.1
68860;2010;1;24;5;-4.7
68860;2010;1;24;6;-4.3
68860;2010;1;24;7;-6.0
68860;2010;1;24;8;-4.8
68860;2010;1;24;9;-5.4
68860;2010;1;24;10;-4.9
68860;2010;1;24;11;-5.1
68860;2010;1;24;12;-4.1
68860;2010;1;24;13;-3.5
68860;2010;1;24;14;-3.0
68860;2010;1;24;15;-2.9
68860;2010;1;24;16;-3.0
68860;2010;1;24;17;-2.7
68860;2010;1;24;18;-2.8
68860;2010;1;24;19;-2.4
68860;2010;1;24;20;-2.4
68860;2010;1;24;21;-2.5
68860;2010;1;24;22;-1.5
68860;2010;1;24;23;-1.6
68860;2010;1;24;24;-1.4
68860;2010;1;25;1;-1.3
68860;2010;1;25;2;-0.8
68860;2010;1;25;3;-0.4
68860;2010;1;25;4;0.0
68860;2010;1;25;5;0.4
68860;2010;1;25;6;0.4
68860;2010;1;25;7;0.8
68860;2010;1;25;8;1.4
68860;2010;1;25;9;1.2
68860;2010;1;25;10;1.5
68860;2010;1;25;11;1.6
68860;2010;1;25;12;1.8
68860;2010;1;25;13;2.2
68860;2010;1;25;14;2.2
68860;2010;1;25;15;2.3
68860;2010;1;25;16;2.2
68860;2010;1;25;17;2.2
68860;2010;1;25;18;2.0
68860;2010;1;25;19;2.0
68860;2010;1;25;20;2.2
68860;2010;1;25;21;2.5
68860;2010;1;25;22;1.6
68860;2010;1;25;23;1.0
68860;2010;1;25;24;2.5
68860;2010;1;26;1;0.3
68860;2010;1;26;2;0.1
68860;2010;1;26;3;-0.3
68860;2010;1;26;4;-0.8
68860;2010;1;26;5;-1.8
68860;2010;1;26;6;-1.0
68860;2010;1;26;7;-0.8
68860;2010;1;26;8;-1.9
68860;2010;1;26;9;-1.7
68860;2010;1;26;10;-1.0
68860;2010;1;26;11;-0.2
68860;2010;1;26;12;-0.8
68860;2010;1;26;13;0.2
68860;2010;1;26;14;0.0
68860;2010;1;26;15;0.3
68860;2010;1;26;16;0.3
68860;2010;1;26;17;-0.2
68860;2010;1;26;18;-0.3
68860;2010;1;26;19;-0.6
68860;2010;1;26;20;0.9
68860;2010;1;26;21;1.4
68860;2010;1;26;22;1.6
68860;2010;1;26;23;2.0
68860;2010;1;26;24;2.0
68860;2010;1;27;1;2.4
68860;2010;1;27;2;2.4
68860;2010;1;27;3;3.3
68860;2010;1;27;4;2.0
68860;2010;1;27;5;1.7
68860;2010;1;27;6;1.7
68860;2010;1;27;7;2.0
68860;2010;1;27;8;2.6
68860;2010;1;27;9;3.6
68860;2010;1;27;10;3.3
68860;2010;1;27;11;2.4
68860;2010;1;27;12;2.9
68860;2010;1;27;13;3.0
68860;2010;1;27;14;3.3
68860;2010;1;27;15;2.2
68860;2010;1;27;16;0.8
68860;2010;1;27;17;0.2
68860;2010;1;27;18;0.1
68860;2010;1;27;19;-0.1
68860;2010;1;27;20;-0.1
68860;2010;1;27;21;-0.3
68860;2010;1;27;22;-0.4
68860;2010;1;27;23;-0.7
68860;2010;1;27;24;-0.8
68860;2010;1;28;1;-0.5
68860;2010;1;28;2;0.0
68860;2010;1;28;3;-0.1
68860;2010;1;28;4;0.0
68860;2010;1;28;5;-0.1
68860;2010;1;28;6;-0.2
68860;2010;1;28;7;-0.1
68860;2010;1;28;8;-0.4
68860;2010;1;28;9;0.1
68860;2010;1;28;10;0.1
68860;2010;1;28;11;-0.1
68860;2010;1;28;12;0.1
68860;2010;1;28;13;-0.4
68860;2010;1;28;14;-0.5
68860;2010;1;28;15;-0.8
68860;2010;1;28;16;-1.2
68860;2010;1;28;17;-1.5
68860;2010;1;28;18;-1.4
68860;2010;1;28;19;-1.4
68860;2010;1;28;20;-1.9
68860;2010;1;28;21;-1.7
68860;2010;1;28;22;-1.9
68860;2010;1;28;23;-2.0
68860;2010;1;28;24;-2.3
68860;2010;1;29;1;-2.4
68860;2010;1;29;2;-2.1
68860;2010;1;29;3;-2.4
68860;2010;1;29;4;-2.7
68860;2010;1;29;5;-2.8
68860;2010;1;29;6;-2.9
68860;2010;1;29;7;-2.9
68860;2010;1;29;8;-2.7
68860;2010;1;29;9;-2.9
68860;2010;1;29;10;-3.4
68860;2010;1;29;11;-3.9
68860;2010;1;29;12;-4.0
68860;2010;1;29;13;-4.3
68860;2010;1;29;14;-4.5
68860;2010;1;29;15;-3.4
68860;2010;1;29;16;-5.1
68860;2010;1;29;17;-3.9
68860;2010;1;29;18;-4.0
68860;2010;1;29;19;-4.4
68860;2010;1;29;20;-4.7
68860;2010;1;29;21;-5.3
68860;2010;1;29;22;-5.4
68860;2010;1;29;23;-7.0
68860;2010;1;29;24;-7.7
68860;2010;1;30;1;-8.6
68860;2010;1;30;2;-8.6
68860;2010;1;30;3;-8.5
68860;2010;1;30;4;-8.8
68860;2010;1;30;5;-8.7
68860;2010;1;30;6;-9.4
68860;2010;1;30;7;-8.7
68860;2010;1;30;8;-8.8
68860;2010;1;30;9;-8.4
68860;2010;1;30;10;-8.7
68860;2010;1;30;11;-9.1
68860;2010;1;30;12;-8.7
68860;2010;1;30;13;-8.6
68860;2010;1;30;14;-8.6
68860;2010;1;30;15;-9.2
68860;2010;1;30;16;-10.2
68860;2010;1;30;17;-10.6
68860;2010;1;30;18;-10.6
68860;2010;1;30;19;-11.2
68860;2010;1;30;20;-12.0
68860;2010;1;30;21;-13.6
68860;2010;1;30;22;-13.5
68860;2010;1;30;23;-11.9
68860;2010;1;30;24;-12.5
68860;2010;1;31;1;-12.8
68860;2010;1;31;2;-12.8
68860;2010;1;31;3;-13.8
68860;2010;1;31;4;-13.1
68860;2010;1;31;5;-14.3
68860;2010;1;31;6;-14.8
68860;2010;1;31;7;-15.3
68860;2010;1;31;8;-15.3
68860;2010;1;31;9;-12.9
68860;2010;1;31;10;-14.8
68860;2010;1;31;11;-13.5
68860;2010;1;31;12;-11.3
68860;2010;1;31;13;-10.9
68860;2010;1;31;14;-11.0
68860;2010;1;31;15;-11.7
68860;2010;1;31;16;-11.7
68860;2010;1;31;17;-11.8
68860;2010;1;31;18;-12.1
68860;2010;1;31;19;-14.4
68860;2010;1;31;20;-14.7
68860;2010;1;31;21;-14.6
68860;2010;1;31;22;-12.1
68860;2010;1;31;23;-12.3
68860;2010;1;31;24;-12.8