St.no;Year;Mnth;Date;Time(NMT);TA
68860;2010;8;1;1;13.5
68860;2010;8;1;2;13.4
68860;2010;8;1;3;13.4
68860;2010;8;1;4;13.4
68860;2010;8;1;5;13.5
68860;2010;8;1;6;13.8
68860;2010;8;1;7;13.7
68860;2010;8;1;8;14.1
68860;2010;8;1;9;15.2
68860;2010;8;1;10;16.4
68860;2010;8;1;11;15.9
68860;2010;8;1;12;16.5
68860;2010;8;1;13;14.4
68860;2010;8;1;14;15.4
68860;2010;8;1;15;13.9
68860;2010;8;1;16;13.3
68860;2010;8;1;17;13.5
68860;2010;8;1;18;13.9
68860;2010;8;1;19;15.3
68860;2010;8;1;20;14.4
68860;2010;8;1;21;12.6
68860;2010;8;1;22;11.9
68860;2010;8;1;23;12.4
68860;2010;8;1;24;12.2
68860;2010;8;2;1;12.1
68860;2010;8;2;2;12.4
68860;2010;8;2;3;12.5
68860;2010;8;2;4;12.3
68860;2010;8;2;5;11.5
68860;2010;8;2;6;11.7
68860;2010;8;2;7;12.2
68860;2010;8;2;8;12.6
68860;2010;8;2;9;12.5
68860;2010;8;2;10;13.5
68860;2010;8;2;11;13.6
68860;2010;8;2;12;13.5
68860;2010;8;2;13;13.9
68860;2010;8;2;14;14.6
68860;2010;8;2;15;14.8
68860;2010;8;2;16;14.9
68860;2010;8;2;17;14.5
68860;2010;8;2;18;13.2
68860;2010;8;2;19;13.0
68860;2010;8;2;20;13.1
68860;2010;8;2;21;13.0
68860;2010;8;2;22;12.6
68860;2010;8;2;23;11.9
68860;2010;8;2;24;12.0
68860;2010;8;3;1;11.5
68860;2010;8;3;2;11.8
68860;2010;8;3;3;11.8
68860;2010;8;3;4;11.7
68860;2010;8;3;5;11.7
68860;2010;8;3;6;11.9
68860;2010;8;3;7;12.7
68860;2010;8;3;8;13.2
68860;2010;8;3;9;13.7
68860;2010;8;3;10;14.4
68860;2010;8;3;11;14.4
68860;2010;8;3;12;15.5
68860;2010;8;3;13;15.8
68860;2010;8;3;14;16.6
68860;2010;8;3;15;17.1
68860;2010;8;3;16;16.3
68860;2010;8;3;17;16.3
68860;2010;8;3;18;15.2
68860;2010;8;3;19;14.7
68860;2010;8;3;20;14.1
68860;2010;8;3;21;13.5
68860;2010;8;3;22;13.0
68860;2010;8;3;23;12.7
68860;2010;8;3;24;12.5
68860;2010;8;4;1;12.5
68860;2010;8;4;2;12.4
68860;2010;8;4;3;12.3
68860;2010;8;4;4;12.4
68860;2010;8;4;5;12.8
68860;2010;8;4;6;13.3
68860;2010;8;4;7;13.6
68860;2010;8;4;8;13.8
68860;2010;8;4;9;14.5
68860;2010;8;4;10;14.8
68860;2010;8;4;11;16.1
68860;2010;8;4;12;16.7
68860;2010;8;4;13;17.7
68860;2010;8;4;14;18.3
68860;2010;8;4;15;18.1
68860;2010;8;4;16;19.1
68860;2010;8;4;17;19.4
68860;2010;8;4;18;18.4
68860;2010;8;4;19;16.0
68860;2010;8;4;20;15.1
68860;2010;8;4;21;14.5
68860;2010;8;4;22;14.4
68860;2010;8;4;23;14.0
68860;2010;8;4;24;13.7
68860;2010;8;5;1;13.5
68860;2010;8;5;2;13.0
68860;2010;8;5;3;12.6
68860;2010;8;5;4;12.3
68860;2010;8;5;5;12.3
68860;2010;8;5;6;12.5
68860;2010;8;5;7;13.7
68860;2010;8;5;8;14.0
68860;2010;8;5;9;14.3
68860;2010;8;5;10;15.4
68860;2010;8;5;11;16.5
68860;2010;8;5;12;17.7
68860;2010;8;5;13;18.2
68860;2010;8;5;14;19.6
68860;2010;8;5;15;18.9
68860;2010;8;5;16;19.5
68860;2010;8;5;17;20.7
68860;2010;8;5;18;20.5
68860;2010;8;5;19;21.1
68860;2010;8;5;20;19.4
68860;2010;8;5;21;19.2
68860;2010;8;5;22;18.7
68860;2010;8;5;23;17.8
68860;2010;8;5;24;16.8
68860;2010;8;6;1;16.8
68860;2010;8;6;2;15.3
68860;2010;8;6;3;17.0
68860;2010;8;6;4;16.8
68860;2010;8;6;5;17.5
68860;2010;8;6;6;18.3
68860;2010;8;6;7;18.5
68860;2010;8;6;8;18.7
68860;2010;8;6;9;19.7
68860;2010;8;6;10;19.8
68860;2010;8;6;11;19.9
68860;2010;8;6;12;20.4
68860;2010;8;6;13;20.6
68860;2010;8;6;14;20.4
68860;2010;8;6;15;20.3
68860;2010;8;6;16;20.1
68860;2010;8;6;17;19.9
68860;2010;8;6;18;18.6
68860;2010;8;6;19;18.2
68860;2010;8;6;20;16.3
68860;2010;8;6;21;13.8
68860;2010;8;6;22;14.1
68860;2010;8;6;23;14.1
68860;2010;8;6;24;13.7
68860;2010;8;7;1;13.5
68860;2010;8;7;2;13.6
68860;2010;8;7;3;13.7
68860;2010;8;7;4;13.6
68860;2010;8;7;5;13.7
68860;2010;8;7;6;13.9
68860;2010;8;7;7;15.6
68860;2010;8;7;8;15.7
68860;2010;8;7;9;16.4
68860;2010;8;7;10;17.5
68860;2010;8;7;11;18.3
68860;2010;8;7;12;19.5
68860;2010;8;7;13;20.2
68860;2010;8;7;14;20.4
68860;2010;8;7;15;20.2
68860;2010;8;7;16;20.8
68860;2010;8;7;17;22.2
68860;2010;8;7;18;21.0
68860;2010;8;7;19;20.3
68860;2010;8;7;20;19.3
68860;2010;8;7;21;16.3
68860;2010;8;7;22;17.2
68860;2010;8;7;23;16.5
68860;2010;8;7;24;13.8
68860;2010;8;8;1;14.1
68860;2010;8;8;2;15.0
68860;2010;8;8;3;13.7
68860;2010;8;8;4;10.9
68860;2010;8;8;5;12.5
68860;2010;8;8;6;13.0
68860;2010;8;8;7;14.6
68860;2010;8;8;8;16.7
68860;2010;8;8;9;17.2
68860;2010;8;8;10;17.5
68860;2010;8;8;11;19.2
68860;2010;8;8;12;20.1
68860;2010;8;8;13;20.2
68860;2010;8;8;14;21.3
68860;2010;8;8;15;21.3
68860;2010;8;8;16;20.0
68860;2010;8;8;17;20.2
68860;2010;8;8;18;19.8
68860;2010;8;8;19;18.4
68860;2010;8;8;20;18.0
68860;2010;8;8;21;15.3
68860;2010;8;8;22;13.4
68860;2010;8;8;23;12.6
68860;2010;8;8;24;12.0
68860;2010;8;9;1;11.8
68860;2010;8;9;2;12.3
68860;2010;8;9;3;12.3
68860;2010;8;9;4;12.4
68860;2010;8;9;5;12.2
68860;2010;8;9;6;12.0
68860;2010;8;9;7;12.0
68860;2010;8;9;8;12.1
68860;2010;8;9;9;12.5
68860;2010;8;9;10;13.0
68860;2010;8;9;11;14.4
68860;2010;8;9;12;14.7
68860;2010;8;9;13;15.1
68860;2010;8;9;14;16.2
68860;2010;8;9;15;16.6
68860;2010;8;9;16;17.1
68860;2010;8;9;17;17.6
68860;2010;8;9;18;17.2
68860;2010;8;9;19;17.2
68860;2010;8;9;20;16.5
68860;2010;8;9;21;15.3
68860;2010;8;9;22;14.5
68860;2010;8;9;23;13.8
68860;2010;8;9;24;14.6
68860;2010;8;10;1;14.0
68860;2010;8;10;2;13.5
68860;2010;8;10;3;13.5
68860;2010;8;10;4;13.5
68860;2010;8;10;5;13.2
68860;2010;8;10;6;13.6
68860;2010;8;10;7;13.7
68860;2010;8;10;8;14.0
68860;2010;8;10;9;14.5
68860;2010;8;10;10;14.9
68860;2010;8;10;11;15.2
68860;2010;8;10;12;15.3
68860;2010;8;10;13;16.2
68860;2010;8;10;14;17.1
68860;2010;8;10;15;17.7
68860;2010;8;10;16;18.0
68860;2010;8;10;17;17.5
68860;2010;8;10;18;18.5
68860;2010;8;10;19;17.2
68860;2010;8;10;20;16.4
68860;2010;8;10;21;16.2
68860;2010;8;10;22;14.6
68860;2010;8;10;23;14.4
68860;2010;8;10;24;14.0
68860;2010;8;11;1;13.8
68860;2010;8;11;2;13.2
68860;2010;8;11;3;13.4
68860;2010;8;11;4;13.3
68860;2010;8;11;5;13.9
68860;2010;8;11;6;14.0
68860;2010;8;11;7;13.9
68860;2010;8;11;8;14.6
68860;2010;8;11;9;15.2
68860;2010;8;11;10;18.4
68860;2010;8;11;11;20.0
68860;2010;8;11;12;23.2
68860;2010;8;11;13;23.2
68860;2010;8;11;14;23.6
68860;2010;8;11;15;24.5
68860;2010;8;11;16;23.9
68860;2010;8;11;17;23.4
68860;2010;8;11;18;22.8
68860;2010;8;11;19;22.1
68860;2010;8;11;20;21.1
68860;2010;8;11;21;19.7
68860;2010;8;11;22;17.6
68860;2010;8;11;23;16.3
68860;2010;8;11;24;15.7
68860;2010;8;12;1;16.0
68860;2010;8;12;2;16.9
68860;2010;8;12;3;16.2
68860;2010;8;12;4;16.0
68860;2010;8;12;5;16.8
68860;2010;8;12;6;16.7
68860;2010;8;12;7;17.4
68860;2010;8;12;8;19.0
68860;2010;8;12;9;18.8
68860;2010;8;12;10;19.6
68860;2010;8;12;11;20.4
68860;2010;8;12;12;20.8
68860;2010;8;12;13;20.0
68860;2010;8;12;14;20.6
68860;2010;8;12;15;20.4
68860;2010;8;12;16;20.6
68860;2010;8;12;17;21.0
68860;2010;8;12;18;20.4
68860;2010;8;12;19;18.9
68860;2010;8;12;20;18.1
68860;2010;8;12;21;17.3
68860;2010;8;12;22;16.1
68860;2010;8;12;23;15.9
68860;2010;8;12;24;15.6
68860;2010;8;13;1;15.3
68860;2010;8;13;2;15.1
68860;2010;8;13;3;14.5
68860;2010;8;13;4;14.4
68860;2010;8;13;5;13.9
68860;2010;8;13;6;14.3
68860;2010;8;13;7;15.2
68860;2010;8;13;8;15.6
68860;2010;8;13;9;16.0
68860;2010;8;13;10;17.1
68860;2010;8;13;11;17.3
68860;2010;8;13;12;19.0
68860;2010;8;13;13;20.4
68860;2010;8;13;14;20.9
68860;2010;8;13;15;22.0
68860;2010;8;13;16;22.7
68860;2010;8;13;17;23.1
68860;2010;8;13;18;21.7
68860;2010;8;13;19;21.7
68860;2010;8;13;20;21.1
68860;2010;8;13;21;20.2
68860;2010;8;13;22;19.1
68860;2010;8;13;23;19.2
68860;2010;8;13;24;19.9
68860;2010;8;14;1;20.4
68860;2010;8;14;2;21.5
68860;2010;8;14;3;20.6
68860;2010;8;14;4;20.1
68860;2010;8;14;5;18.9
68860;2010;8;14;6;19.2
68860;2010;8;14;7;18.7
68860;2010;8;14;8;18.2
68860;2010;8;14;9;17.8
68860;2010;8;14;10;17.7
68860;2010;8;14;11;19.0
68860;2010;8;14;12;17.9
68860;2010;8;14;13;17.9
68860;2010;8;14;14;17.7
68860;2010;8;14;15;17.1
68860;2010;8;14;16;16.2
68860;2010;8;14;17;16.7
68860;2010;8;14;18;16.3
68860;2010;8;14;19;14.8
68860;2010;8;14;20;14.0
68860;2010;8;14;21;13.4
68860;2010;8;14;22;13.1
68860;2010;8;14;23;13.1
68860;2010;8;14;24;13.0
68860;2010;8;15;1;12.3
68860;2010;8;15;2;12.1
68860;2010;8;15;3;12.3
68860;2010;8;15;4;12.2
68860;2010;8;15;5;12.4
68860;2010;8;15;6;12.6
68860;2010;8;15;7;12.6
68860;2010;8;15;8;13.1
68860;2010;8;15;9;13.8
68860;2010;8;15;10;15.1
68860;2010;8;15;11;14.5
68860;2010;8;15;12;15.8
68860;2010;8;15;13;15.4
68860;2010;8;15;14;16.3
68860;2010;8;15;15;16.5
68860;2010;8;15;16;16.5
68860;2010;8;15;17;16.4
68860;2010;8;15;18;16.3
68860;2010;8;15;19;15.5
68860;2010;8;15;20;14.5
68860;2010;8;15;21;11.7
68860;2010;8;15;22;10.5
68860;2010;8;15;23;9.7
68860;2010;8;15;24;9.7
68860;2010;8;16;1;9.2
68860;2010;8;16;2;9.1
68860;2010;8;16;3;8.5
68860;2010;8;16;4;9.3
68860;2010;8;16;5;9.3
68860;2010;8;16;6;10.9
68860;2010;8;16;7;12.2
68860;2010;8;16;8;13.4
68860;2010;8;16;9;15.6
68860;2010;8;16;10;17.5
68860;2010;8;16;11;18.3
68860;2010;8;16;12;20.1
68860;2010;8;16;13;22.0
68860;2010;8;16;14;23.3
68860;2010;8;16;15;24.3
68860;2010;8;16;16;24.5
68860;2010;8;16;17;25.1
68860;2010;8;16;18;24.6
68860;2010;8;16;19;24.1
68860;2010;8;16;20;22.6
68860;2010;8;16;21;21.3
68860;2010;8;16;22;20.9
68860;2010;8;16;23;20.4
68860;2010;8;16;24;15.9
68860;2010;8;17;1;15.6
68860;2010;8;17;2;14.7
68860;2010;8;17;3;15.7
68860;2010;8;17;4;15.6
68860;2010;8;17;5;14.4
68860;2010;8;17;6;15.9
68860;2010;8;17;7;17.5
68860;2010;8;17;8;18.4
68860;2010;8;17;9;18.3
68860;2010;8;17;10;19.0
68860;2010;8;17;11;19.7
68860;2010;8;17;12;21.5
68860;2010;8;17;13;21.5
68860;2010;8;17;14;22.3
68860;2010;8;17;15;22.8
68860;2010;8;17;16;23.3
68860;2010;8;17;17;23.4
68860;2010;8;17;18;22.7
68860;2010;8;17;19;21.8
68860;2010;8;17;20;20.0
68860;2010;8;17;21;19.4
68860;2010;8;17;22;17.8
68860;2010;8;17;23;17.6
68860;2010;8;17;24;17.0
68860;2010;8;18;1;16.2
68860;2010;8;18;2;16.4
68860;2010;8;18;3;15.5
68860;2010;8;18;4;17.1
68860;2010;8;18;5;14.1
68860;2010;8;18;6;15.8
68860;2010;8;18;7;17.2
68860;2010;8;18;8;18.2
68860;2010;8;18;9;19.9
68860;2010;8;18;10;20.2
68860;2010;8;18;11;19.6
68860;2010;8;18;12;21.1
68860;2010;8;18;13;21.2
68860;2010;8;18;14;20.5
68860;2010;8;18;15;20.6
68860;2010;8;18;16;20.0
68860;2010;8;18;17;19.1
68860;2010;8;18;18;18.6
68860;2010;8;18;19;17.9
68860;2010;8;18;20;16.8
68860;2010;8;18;21;16.7
68860;2010;8;18;22;15.8
68860;2010;8;18;23;15.6
68860;2010;8;18;24;15.3
68860;2010;8;19;1;14.6
68860;2010;8;19;2;14.5
68860;2010;8;19;3;14.2
68860;2010;8;19;4;13.7
68860;2010;8;19;5;11.9
68860;2010;8;19;6;13.1
68860;2010;8;19;7;14.6
68860;2010;8;19;8;15.8
68860;2010;8;19;9;16.6
68860;2010;8;19;10;18.3
68860;2010;8;19;11;20.0
68860;2010;8;19;12;21.5
68860;2010;8;19;13;22.7
68860;2010;8;19;14;23.4
68860;2010;8;19;15;23.5
68860;2010;8;19;16;23.6
68860;2010;8;19;17;23.7
68860;2010;8;19;18;23.2
68860;2010;8;19;19;22.2
68860;2010;8;19;20;20.6
68860;2010;8;19;21;19.9
68860;2010;8;19;22;19.1
68860;2010;8;19;23;18.1
68860;2010;8;19;24;17.7
68860;2010;8;20;1;15.7
68860;2010;8;20;2;15.5
68860;2010;8;20;3;13.6
68860;2010;8;20;4;15.1
68860;2010;8;20;5;15.5
68860;2010;8;20;6;15.7
68860;2010;8;20;7;16.7
68860;2010;8;20;8;15.7
68860;2010;8;20;9;14.0
68860;2010;8;20;10;14.0
68860;2010;8;20;11;13.7
68860;2010;8;20;12;13.7
68860;2010;8;20;13;13.7
68860;2010;8;20;14;14.1
68860;2010;8;20;15;14.0
68860;2010;8;20;16;13.7
68860;2010;8;20;17;13.4
68860;2010;8;20;18;13.8
68860;2010;8;20;19;12.7
68860;2010;8;20;20;12.5
68860;2010;8;20;21;12.2
68860;2010;8;20;22;11.3
68860;2010;8;20;23;9.8
68860;2010;8;20;24;10.0
68860;2010;8;21;1;9.7
68860;2010;8;21;2;8.6
68860;2010;8;21;3;8.3
68860;2010;8;21;4;7.5
68860;2010;8;21;5;8.0
68860;2010;8;21;6;10.2
68860;2010;8;21;7;11.1
68860;2010;8;21;8;12.3
68860;2010;8;21;9;13.0
68860;2010;8;21;10;13.3
68860;2010;8;21;11;16.9
68860;2010;8;21;12;17.6
68860;2010;8;21;13;17.3
68860;2010;8;21;14;15.5
68860;2010;8;21;15;14.9
68860;2010;8;21;16;14.1
68860;2010;8;21;17;14.5
68860;2010;8;21;18;13.7
68860;2010;8;21;19;13.3
68860;2010;8;21;20;13.5
68860;2010;8;21;21;13.0
68860;2010;8;21;22;13.2
68860;2010;8;21;23;13.2
68860;2010;8;21;24;13.0
68860;2010;8;22;1;12.7
68860;2010;8;22;2;11.4
68860;2010;8;22;3;11.0
68860;2010;8;22;4;10.4
68860;2010;8;22;5;10.8
68860;2010;8;22;6;11.3
68860;2010;8;22;7;11.8
68860;2010;8;22;8;12.5
68860;2010;8;22;9;13.6
68860;2010;8;22;10;13.8
68860;2010;8;22;11;14.6
68860;2010;8;22;12;14.8
68860;2010;8;22;13;14.5
68860;2010;8;22;14;14.2
68860;2010;8;22;15;14.6
68860;2010;8;22;16;14.0
68860;2010;8;22;17;14.4
68860;2010;8;22;18;13.2
68860;2010;8;22;19;12.5
68860;2010;8;22;20;12.5
68860;2010;8;22;21;12.5
68860;2010;8;22;22;12.2
68860;2010;8;22;23;11.8
68860;2010;8;22;24;11.8
68860;2010;8;23;1;11.6
68860;2010;8;23;2;11.3
68860;2010;8;23;3;11.0
68860;2010;8;23;4;10.8
68860;2010;8;23;5;10.4
68860;2010;8;23;6;10.3
68860;2010;8;23;7;10.7
68860;2010;8;23;8;11.1
68860;2010;8;23;9;11.6
68860;2010;8;23;10;12.3
68860;2010;8;23;11;13.1
68860;2010;8;23;12;13.2
68860;2010;8;23;13;13.6
68860;2010;8;23;14;14.4
68860;2010;8;23;15;13.5
68860;2010;8;23;16;13.5
68860;2010;8;23;17;13.4
68860;2010;8;23;18;13.5
68860;2010;8;23;19;13.1
68860;2010;8;23;20;11.1
68860;2010;8;23;21;11.3
68860;2010;8;23;22;11.4
68860;2010;8;23;23;11.0
68860;2010;8;23;24;9.0
68860;2010;8;24;1;9.7
68860;2010;8;24;2;9.9
68860;2010;8;24;3;8.5
68860;2010;8;24;4;9.9
68860;2010;8;24;5;10.2
68860;2010;8;24;6;10.5
68860;2010;8;24;7;11.4
68860;2010;8;24;8;12.0
68860;2010;8;24;9;13.4
68860;2010;8;24;10;14.8
68860;2010;8;24;11;14.4
68860;2010;8;24;12;15.6
68860;2010;8;24;13;14.9
68860;2010;8;24;14;14.3
68860;2010;8;24;15;13.2
68860;2010;8;24;16;13.1
68860;2010;8;24;17;12.6
68860;2010;8;24;18;11.8
68860;2010;8;24;19;11.5
68860;2010;8;24;20;10.9
68860;2010;8;24;21;10.6
68860;2010;8;24;22;10.5
68860;2010;8;24;23;10.7
68860;2010;8;24;24;10.6
68860;2010;8;25;1;10.5
68860;2010;8;25;2;10.3
68860;2010;8;25;3;10.0
68860;2010;8;25;4;8.2
68860;2010;8;25;5;9.3
68860;2010;8;25;6;9.3
68860;2010;8;25;7;9.9
68860;2010;8;25;8;10.3
68860;2010;8;25;9;10.7
68860;2010;8;25;10;11.4
68860;2010;8;25;11;11.4
68860;2010;8;25;12;11.4
68860;2010;8;25;13;12.0
68860;2010;8;25;14;12.2
68860;2010;8;25;15;12.3
68860;2010;8;25;16;12.1
68860;2010;8;25;17;12.0
68860;2010;8;25;18;12.0
68860;2010;8;25;19;12.0
68860;2010;8;25;20;11.4
68860;2010;8;25;21;11.0
68860;2010;8;25;22;10.4
68860;2010;8;25;23;10.2
68860;2010;8;25;24;9.8
68860;2010;8;26;1;9.6
68860;2010;8;26;2;9.2
68860;2010;8;26;3;9.2
68860;2010;8;26;4;8.7
68860;2010;8;26;5;7.3
68860;2010;8;26;6;8.3
68860;2010;8;26;7;10.1
68860;2010;8;26;8;10.1
68860;2010;8;26;9;11.4
68860;2010;8;26;10;11.7
68860;2010;8;26;11;12.2
68860;2010;8;26;12;12.3
68860;2010;8;26;13;12.7
68860;2010;8;26;14;13.0
68860;2010;8;26;15;13.2
68860;2010;8;26;16;12.3
68860;2010;8;26;17;12.6
68860;2010;8;26;18;13.0
68860;2010;8;26;19;12.1
68860;2010;8;26;20;10.0
68860;2010;8;26;21;10.1
68860;2010;8;26;22;9.2
68860;2010;8;26;23;9.1
68860;2010;8;26;24;6.7
68860;2010;8;27;1;7.3
68860;2010;8;27;2;6.3
68860;2010;8;27;3;6.4
68860;2010;8;27;4;4.8
68860;2010;8;27;5;5.5
68860;2010;8;27;6;6.1
68860;2010;8;27;7;9.1
68860;2010;8;27;8;10.1
68860;2010;8;27;9;10.9
68860;2010;8;27;10;10.9
68860;2010;8;27;11;12.1
68860;2010;8;27;12;12.3
68860;2010;8;27;13;13.0
68860;2010;8;27;14;13.6
68860;2010;8;27;15;13.8
68860;2010;8;27;16;13.7
68860;2010;8;27;17;13.4
68860;2010;8;27;18;12.8
68860;2010;8;27;19;13.0
68860;2010;8;27;20;10.7
68860;2010;8;27;21;11.2
68860;2010;8;27;22;10.4
68860;2010;8;27;23;10.4
68860;2010;8;27;24;9.3
68860;2010;8;28;1;8.2
68860;2010;8;28;2;8.8
68860;2010;8;28;3;8.0
68860;2010;8;28;4;8.3
68860;2010;8;28;5;8.3
68860;2010;8;28;6;8.2
68860;2010;8;28;7;9.6
68860;2010;8;28;8;10.9
68860;2010;8;28;9;12.3
68860;2010;8;28;10;11.7
68860;2010;8;28;11;12.2
68860;2010;8;28;12;12.6
68860;2010;8;28;13;13.7
68860;2010;8;28;14;14.7
68860;2010;8;28;15;13.6
68860;2010;8;28;16;12.6
68860;2010;8;28;17;11.4
68860;2010;8;28;18;11.1
68860;2010;8;28;19;11.1
68860;2010;8;28;20;10.5
68860;2010;8;28;21;10.3
68860;2010;8;28;22;10.1
68860;2010;8;28;23;9.9
68860;2010;8;28;24;9.6
68860;2010;8;29;1;9.0
68860;2010;8;29;2;8.5
68860;2010;8;29;3;9.4
68860;2010;8;29;4;8.4
68860;2010;8;29;5;8.3
68860;2010;8;29;6;8.3
68860;2010;8;29;7;8.9
68860;2010;8;29;8;10.3
68860;2010;8;29;9;11.3
68860;2010;8;29;10;12.6
68860;2010;8;29;11;14.1
68860;2010;8;29;12;12.2
68860;2010;8;29;13;12.9
68860;2010;8;29;14;13.3
68860;2010;8;29;15;13.5
68860;2010;8;29;16;15.3
68860;2010;8;29;17;13.3
68860;2010;8;29;18;13.2
68860;2010;8;29;19;12.1
68860;2010;8;29;20;11.5
68860;2010;8;29;21;10.4
68860;2010;8;29;22;9.9
68860;2010;8;29;23;9.0
68860;2010;8;29;24;9.0
68860;2010;8;30;1;9.3
68860;2010;8;30;2;7.1
68860;2010;8;30;3;7.5
68860;2010;8;30;4;7.4
68860;2010;8;30;5;7.1
68860;2010;8;30;6;6.4
68860;2010;8;30;7;6.4
68860;2010;8;30;8;8.3
68860;2010;8;30;9;10.0
68860;2010;8;30;10;11.6
68860;2010;8;30;11;12.2
68860;2010;8;30;12;12.0
68860;2010;8;30;13;14.1
68860;2010;8;30;14;14.4
68860;2010;8;30;15;11.2
68860;2010;8;30;16;12.8
68860;2010;8;30;17;10.6
68860;2010;8;30;18;10.4
68860;2010;8;30;19;10.3
68860;2010;8;30;20;10.0
68860;2010;8;30;21;9.4
68860;2010;8;30;22;8.9
68860;2010;8;30;23;9.0
68860;2010;8;30;24;8.7
68860;2010;8;31;1;8.8
68860;2010;8;31;2;8.7
68860;2010;8;31;3;8.6
68860;2010;8;31;4;9.1
68860;2010;8;31;5;8.4
68860;2010;8;31;6;8.7
68860;2010;8;31;7;9.1
68860;2010;8;31;8;9.6
68860;2010;8;31;9;10.2
68860;2010;8;31;10;10.2
68860;2010;8;31;11;10.3
68860;2010;8;31;12;10.1
68860;2010;8;31;13;10.1
68860;2010;8;31;14;10.0
68860;2010;8;31;15;9.9
68860;2010;8;31;16;9.8
68860;2010;8;31;17;9.9
68860;2010;8;31;18;9.6
68860;2010;8;31;19;9.1
68860;2010;8;31;20;8.8
68860;2010;8;31;21;7.9
68860;2010;8;31;22;7.9
68860;2010;8;31;23;7.4
68860;2010;8;31;24;7.3