#Y-2010
#M-Jan
25.00, 25.00, 25.00, 25.00, 25.00, 25.00, 25.00, 25.00, 25.00, 25.00, 25.00, 25.00, 25.00, 25.00, 25.00, 25.00, 25.00, 25.00, 25.00, 25.00, 25.00, 25.00, 25.00, 25.00
25.00, 25.00, 25.00, 25.00, 25.00, 25.00, 25.00, 25.00, 25.00, 25.00, 25.00, 25.00, 25.00, 25.00, 25.00, 25.00, 25.00, 25.00, 25.00, 25.00, 25.00, 25.00, 25.00, 25.00
25.00, 25.00, 25.00, 25.00, 25.00, 25.00, 25.00, 25.00, 25.00, 25.00, 25.00, 25.00, 25.00, 25.00, 25.00, 25.00, 25.00, 25.00, 25.00, 25.00, 25.00, 25.00, 25.00, 25.00
25.00, 25.00, 25.00, 25.00, 25.00, 25.00, 25.00, 25.00, 25.00, 25.00, 25.00, 25.00, 25.00, 25.00, 25.00, 25.00, 25.00, 25.00, 25.00, 25.00, 25.00, 25.00, 25.00, 25.00
25.00, 25.00, 25.00, 25.00, 25.00, 25.00, 25.00, 25.00, 25.00, 25.00, 25.00, 25.00, 25.00, 25.00, 25.00, 25.00, 25.00, 25.00, 25.00, 25.00, 25.00, 25.00, 25.00, 25.00
25.00, 25.00, 25.00, 25.00, 25.00, 25.00, 25.00, 25.00, 25.00, 25.00, 25.00, 25.00, 25.00, 25.00, 25.00, 25.00, 25.00, 25.00, 25.00, 25.00, 25.00, 25.00, 25.00, 25.00
25.00, 25.00, 25.00, 25.00, 25.00, 25.00, 25.00, 25.00, 25.00, 25.00, 25.00, 25.00, 25.00, 25.00, 25.00, 25.00, 25.00, 25.00, 25.00, 25.00, 25.00, 25.00, 25.00, 25.00
25.00, 25.00, 25.00, 25.00, 25.00, 25.00, 25.00, 25.00, 25.00, 25.00, 25.00, 25.00, 25.00, 25.00, 25.00, 25.00, 25.00, 25.00, 25.00, 25.00, 25.00, 25.00, 25.00, 25.00
25.00, 25.00, 25.00, 25.00, 25.00, 25.00, 25.00, 25.00, 25.00, 25.00, 25.00, 25.00, 25.00, 25.00, 25.00, 25.00, 25.00, 25.00, 25.00, 25.00, 25.00, 25.00, 25.00, 25.00
25.00, 25.00, 25.00, 25.00, 25.00, 25.00, 25.00, 25.00, 25.00, 25.00, 25.00, 25.00, 25.00, 25.00, 25.00, 25.00, 25.00, 25.00, 25.00, 25.00, 25.00, 25.00, 25.00, 25.00
25.00, 25.00, 25.00, 25.00, 25.00, 25.00, 25.00, 25.00, 25.00, 25.00, 25.00, 25.00, 25.00, 25.00, 25.00, 25.00, 25.00, 25.00, 25.00, 25.00, 25.00, 25.00, 25.00, 25.00
25.00, 25.00, 25.00, 25.00, 25.00, 25.00, 25.00, 25.00, 25.00, 25.00, 25.00, 25.00, 25.00, 25.00, 25.00, 25.00, 25.00, 25.00, 25.00, 25.00, 25.00, 25.00, 25.00, 25.00
25.00, 25.00, 25.00, 25.00, 25.00, 25.00, 25.00, 25.00, 25.00, 25.00, 25.00, 25.00, 25.00, 25.00, 25.00, 25.00, 25.00, 25.00, 25.00, 25.00, 25.00, 25.00, 25.00, 25.00
25.00, 25.00, 25.00, 25.00, 25.00, 25.00, 25.00, 25.00, 25.00, 25.00, 25.00, 25.00, 25.00, 25.00, 25.00, 25.00, 25.00, 25.00, 25.00, 25.00, 25.00, 25.00, 25.00, 25.00
25.00, 25.00, 25.00, 25.00, 25.00, 25.00, 25.00, 25.00, 25.00, 25.00, 25.00, 25.00, 25.00, 25.00, 25.00, 25.00, 25.00, 25.00, 25.00, 25.00, 25.00, 25.00, 25.00, 25.00
25.00, 25.00, 25.00, 25.00, 25.00, 25.00, 25.00, 25.00, 25.00, 25.00, 25.00, 25.00, 25.00, 25.00, 25.00, 25.00, 25.00, 25.00, 25.00, 25.00, 25.00, 25.00, 25.00, 25.00
25.00, 25.00, 25.00, 25.00, 25.00, 25.00, 25.00, 25.00, 25.00, 25.00, 25.00, 25.00, 25.00, 25.00, 25.00, 25.00, 25.00, 25.00, 25.00, 25.00, 25.00, 25.00, 25.00, 25.00
25.00, 25.00, 25.00, 25.00, 25.00, 25.00, 25.00, 25.00, 25.00, 25.00, 25.00, 25.00, 25.00, 25.00, 25.00, 25.00, 25.00, 25.00, 25.00, 25.00, 25.00, 25.00, 25.00, 25.00
25.00, 25.00, 25.00, 25.00, 25.00, 25.00, 25.00, 25.00, 25.00, 25.00, 25.00, 25.00, 25.00, 25.00, 25.00, 25.00, 25.00, 25.00, 25.00, 25.00, 25.00, 25.00, 25.00, 25.00
25.00, 25.00, 25.00, 25.00, 25.00, 25.00, 25.00, 25.00, 25.00, 25.00, 25.00, 25.00, 25.00, 25.00, 25.00, 25.00, 25.00, 25.00, 25.00, 25.00, 25.00, 25.00, 25.00, 25.00
25.00, 25.00, 25.00, 25.00, 25.00, 25.00, 25.00, 25.00, 25.00, 25.00, 25.00, 25.00, 25.00, 25.00, 25.00, 25.00, 25.00, 25.00, 25.00, 25.00, 25.00, 25.00, 25.00, 25.00
25.00, 25.00, 25.00, 25.00, 25.00, 25.00, 25.00, 25.00, 25.00, 25.00, 25.00, 25.00, 25.00, 25.00, 25.00, 25.00, 25.00, 25.00, 25.00, 25.00, 25.00, 25.00, 25.00, 25.00
25.00, 25.00, 25.00, 25.00, 25.00, 25.00, 25.00, 25.00, 25.00, 25.00, 25.00, 25.00, 25.00, 25.00, 25.00, 25.00, 25.00, 25.00, 25.00, 25.00, 25.00, 25.00, 25.00, 25.00
25.00, 25.00, 25.00, 25.00, 25.00, 25.00, 25.00, 25.00, 25.00, 25.00, 25.00, 25.00, 25.00, 25.00, 25.00, 25.00, 25.00, 25.00, 25.00, 25.00, 25.00, 25.00, 25.00, 25.00
25.00, 25.00, 25.00, 25.00, 25.00, 25.00, 25.00, 25.00, 25.00, 25.00, 25.00, 25.00, 25.00, 25.00, 25.00, 25.00, 25.00, 25.00, 25.00, 25.00, 25.00, 25.00, 25.00, 25.00
25.00, 25.00, 25.00, 25.00, 25.00, 25.00, 25.00, 25.00, 25.00, 25.00, 25.00, 25.00, 25.00, 25.00, 25.00, 25.00, 25.00, 25.00, 25.00, 25.00, 25.00, 25.00, 25.00, 25.00
25.00, 25.00, 25.00, 25.00, 25.00, 25.00, 25.00, 25.00, 25.00, 25.00, 25.00, 25.00, 25.00, 25.00, 25.00, 25.00, 25.00, 25.00, 25.00, 25.00, 25.00, 25.00, 25.00, 25.00
25.00, 25.00, 25.00, 25.00, 25.00, 25.00, 25.00, 25.00, 25.00, 25.00, 25.00, 25.00, 25.00, 25.00, 25.00, 25.00, 25.00, 25.00, 25.00, 25.00, 25.00, 25.00, 25.00, 25.00
25.00, 25.00, 25.00, 25.00, 25.00, 25.00, 25.00, 25.00, 25.00, 25.00, 25.00, 25.00, 25.00, 25.00, 25.00, 25.00, 25.00, 25.00, 25.00, 25.00, 25.00, 25.00, 25.00, 25.00
25.00, 25.00, 25.00, 25.00, 25.00, 25.00, 25.00, 25.00, 25.00, 25.00, 25.00, 25.00, 25.00, 25.00, 25.00, 25.00, 25.00, 25.00, 25.00, 25.00, 25.00, 25.00, 25.00, 25.00
25.00, 25.00, 25.00, 25.00, 25.00, 25.00, 25.00, 25.00, 25.00, 25.00, 25.00, 25.00, 25.00, 25.00, 25.00, 25.00, 25.00, 25.00, 25.00, 25.00, 25.00, 25.00, 25.00, 25.00
