#Y-2010
#M-Jan
21.00, 21.00, 21.00, 21.00, 21.00, 21.00, 21.00, 21.00, 21.00, 21.00, 21.00, 21.00, 21.00, 21.00, 21.00, 21.00, 21.00, 21.00, 21.00, 21.00, 21.00, 21.00, 21.00, 21.00
21.00, 21.00, 21.00, 21.00, 21.00, 21.00, 21.00, 21.00, 21.00, 21.00, 21.00, 21.00, 21.00, 21.00, 21.00, 21.00, 21.00, 21.00, 21.00, 21.00, 21.00, 21.00, 21.00, 21.00
21.00, 21.00, 21.00, 21.00, 21.00, 21.00, 21.00, 21.00, 21.00, 21.00, 21.00, 21.00, 21.00, 21.00, 21.00, 21.00, 21.00, 21.00, 21.00, 21.00, 21.00, 21.00, 21.00, 21.00
21.00, 21.00, 21.00, 21.00, 21.00, 21.00, 21.00, 21.00, 21.00, 21.00, 21.00, 21.00, 21.00, 21.00, 21.00, 21.00, 21.00, 21.00, 21.00, 21.00, 21.00, 21.00, 21.00, 21.00
21.00, 21.00, 21.00, 21.00, 21.00, 21.00, 21.00, 21.00, 21.00, 21.00, 21.00, 21.00, 21.00, 21.00, 21.00, 21.00, 21.00, 21.00, 21.00, 21.00, 21.00, 21.00, 21.00, 21.00
21.00, 21.00, 21.00, 21.00, 21.00, 21.00, 21.00, 21.00, 21.00, 21.00, 21.00, 21.00, 21.00, 21.00, 21.00, 21.00, 21.00, 21.00, 21.00, 21.00, 21.00, 21.00, 21.00, 21.00
21.00, 21.00, 21.00, 21.00, 21.00, 21.00, 21.00, 21.00, 21.00, 21.00, 21.00, 21.00, 21.00, 21.00, 21.00, 21.00, 21.00, 21.00, 21.00, 21.00, 21.00, 21.00, 21.00, 21.00
21.00, 21.00, 21.00, 21.00, 21.00, 21.00, 21.00, 21.00, 21.00, 21.00, 21.00, 21.00, 21.00, 21.00, 21.00, 21.00, 21.00, 21.00, 21.00, 21.00, 21.00, 21.00, 21.00, 21.00
21.00, 21.00, 21.00, 21.00, 21.00, 21.00, 21.00, 21.00, 21.00, 21.00, 21.00, 21.00, 21.00, 21.00, 21.00, 21.00, 21.00, 21.00, 21.00, 21.00, 21.00, 21.00, 21.00, 21.00
21.00, 21.00, 21.00, 21.00, 21.00, 21.00, 21.00, 21.00, 21.00, 21.00, 21.00, 21.00, 21.00, 21.00, 21.00, 21.00, 21.00, 21.00, 21.00, 21.00, 21.00, 21.00, 21.00, 21.00
21.00, 21.00, 21.00, 21.00, 21.00, 21.00, 21.00, 21.00, 21.00, 21.00, 21.00, 21.00, 21.00, 21.00, 21.00, 21.00, 21.00, 21.00, 21.00, 21.00, 21.00, 21.00, 21.00, 21.00
21.00, 21.00, 21.00, 21.00, 21.00, 21.00, 21.00, 21.00, 21.00, 21.00, 21.00, 21.00, 21.00, 21.00, 21.00, 21.00, 21.00, 21.00, 21.00, 21.00, 21.00, 21.00, 21.00, 21.00
21.00, 21.00, 21.00, 21.00, 21.00, 21.00, 21.00, 21.00, 21.00, 21.00, 21.00, 21.00, 21.00, 21.00, 21.00, 21.00, 21.00, 21.00, 21.00, 21.00, 21.00, 21.00, 21.00, 21.00
21.00, 21.00, 21.00, 21.00, 21.00, 21.00, 21.00, 21.00, 21.00, 21.00, 21.00, 21.00, 21.00, 21.00, 21.00, 21.00, 21.00, 21.00, 21.00, 21.00, 21.00, 21.00, 21.00, 21.00
21.00, 21.00, 21.00, 21.00, 21.00, 21.00, 21.00, 21.00, 21.00, 21.00, 21.00, 21.00, 21.00, 21.00, 21.00, 21.00, 21.00, 21.00, 21.00, 21.00, 21.00, 21.00, 21.00, 21.00
21.00, 21.00, 21.00, 21.00, 21.00, 21.00, 21.00, 21.00, 21.00, 21.00, 21.00, 21.00, 21.00, 21.00, 21.00, 21.00, 21.00, 21.00, 21.00, 21.00, 21.00, 21.00, 21.00, 21.00
21.00, 21.00, 21.00, 21.00, 21.00, 21.00, 21.00, 21.00, 21.00, 21.00, 21.00, 21.00, 21.00, 21.00, 21.00, 21.00, 21.00, 21.00, 21.00, 21.00, 21.00, 21.00, 21.00, 21.00
21.00, 21.00, 21.00, 21.00, 21.00, 21.00, 21.00, 21.00, 21.00, 21.00, 21.00, 21.00, 21.00, 21.00, 21.00, 21.00, 21.00, 21.00, 21.00, 21.00, 21.00, 21.00, 21.00, 21.00
21.00, 21.00, 21.00, 21.00, 21.00, 21.00, 21.00, 21.00, 21.00, 21.00, 21.00, 21.00, 21.00, 21.00, 21.00, 21.00, 21.00, 21.00, 21.00, 21.00, 21.00, 21.00, 21.00, 21.00
21.00, 21.00, 21.00, 21.00, 21.00, 21.00, 21.00, 21.00, 21.00, 21.00, 21.00, 21.00, 21.00, 21.00, 21.00, 21.00, 21.00, 21.00, 21.00, 21.00, 21.00, 21.00, 21.00, 21.00
21.00, 21.00, 21.00, 21.00, 21.00, 21.00, 21.00, 21.00, 21.00, 21.00, 21.00, 21.00, 21.00, 21.00, 21.00, 21.00, 21.00, 21.00, 21.00, 21.00, 21.00, 21.00, 21.00, 21.00
21.00, 21.00, 21.00, 21.00, 21.00, 21.00, 21.00, 21.00, 21.00, 21.00, 21.00, 21.00, 21.00, 21.00, 21.00, 21.00, 21.00, 21.00, 21.00, 21.00, 21.00, 21.00, 21.00, 21.00
21.00, 21.00, 21.00, 21.00, 21.00, 21.00, 21.00, 21.00, 21.00, 21.00, 21.00, 21.00, 21.00, 21.00, 21.00, 21.00, 21.00, 21.00, 21.00, 21.00, 21.00, 21.00, 21.00, 21.00
21.00, 21.00, 21.00, 21.00, 21.00, 21.00, 21.00, 21.00, 21.00, 21.00, 21.00, 21.00, 21.00, 21.00, 21.00, 21.00, 21.00, 21.00, 21.00, 21.00, 21.00, 21.00, 21.00, 21.00
21.00, 21.00, 21.00, 21.00, 21.00, 21.00, 21.00, 21.00, 21.00, 21.00, 21.00, 21.00, 21.00, 21.00, 21.00, 21.00, 21.00, 21.00, 21.00, 21.00, 21.00, 21.00, 21.00, 21.00
21.00, 21.00, 21.00, 21.00, 21.00, 21.00, 21.00, 21.00, 21.00, 21.00, 21.00, 21.00, 21.00, 21.00, 21.00, 21.00, 21.00, 21.00, 21.00, 21.00, 21.00, 21.00, 21.00, 21.00
21.00, 21.00, 21.00, 21.00, 21.00, 21.00, 21.00, 21.00, 21.00, 21.00, 21.00, 21.00, 21.00, 21.00, 21.00, 21.00, 21.00, 21.00, 21.00, 21.00, 21.00, 21.00, 21.00, 21.00
21.00, 21.00, 21.00, 21.00, 21.00, 21.00, 21.00, 21.00, 21.00, 21.00, 21.00, 21.00, 21.00, 21.00, 21.00, 21.00, 21.00, 21.00, 21.00, 21.00, 21.00, 21.00, 21.00, 21.00
21.00, 21.00, 21.00, 21.00, 21.00, 21.00, 21.00, 21.00, 21.00, 21.00, 21.00, 21.00, 21.00, 21.00, 21.00, 21.00, 21.00, 21.00, 21.00, 21.00, 21.00, 21.00, 21.00, 21.00
21.00, 21.00, 21.00, 21.00, 21.00, 21.00, 21.00, 21.00, 21.00, 21.00, 21.00, 21.00, 21.00, 21.00, 21.00, 21.00, 21.00, 21.00, 21.00, 21.00, 21.00, 21.00, 21.00, 21.00
21.00, 21.00, 21.00, 21.00, 21.00, 21.00, 21.00, 21.00, 21.00, 21.00, 21.00, 21.00, 21.00, 21.00, 21.00, 21.00, 21.00, 21.00, 21.00, 21.00, 21.00, 21.00, 21.00, 21.00
